walk,-16635,-329,863
walk,-16633,-324,863
walk,-16631,-319,863
walk,-16629,-314,863
walk,-16626,-309,863
walk,-16625,-306,863
walk,-16623,-301,864
walk,-16622,-296,861
walk,-16621,-290,862
walk,-16619,-283,861
walk,-16618,-276,863
walk,-16618,-269,863
walk,-16617,-261,863
walk,-16617,-254,863
walk,-16616,-246,863
walk,-16616,-239,863
walk,-16615,-233,863
walk,-16615,-229,863
walk,-16614,-223,863
walk,-16614,-218,863
walk,-16614,-213,863
walk,-16613,-207,863
walk,-16613,-203,863
walk,-16613,-198,863
walk,-16612,-193,863
walk,-16612,-187,863
walk,-16612,-181,863
walk,-16612,-174,863
walk,-16611,-169,863
walk,-16611,-165,863
walk,-16611,-163,863
walk,-16611,-162,863
walk,-16611,-160,863
walk,-16611,-158,871
walk,-16611,-153,889
walk,-16611,-152,898
walk,-16610,-149,922
walk,-16610,-145,925
walk,-16610,-139,925
walk,-16610,-135,925
walk,-16610,-129,925
walk,-16609,-124,925
walk,-16609,-118,925
walk,-16609,-113,925
walk,-16609,-109,925
walk,-16609,-103,925
walk,-16609,-98,925
walk,-16609,-92,925
walk,-16609,-87,925
walk,-16609,-82,925
walk,-16609,-77,925
walk,-16608,-72,925
walk,-16608,-66,925
walk,-16608,-58,925
walk,-16608,-55,925
walk,-16608,-52,925
walk,-16608,-48,925
walk,-16608,-45,925
walk,-16608,-40,925
walk,-16608,-35,925
walk,-16607,-29,925
walk,-16607,-24,925
walk,-16607,-19,925
walk,-16607,-14,925
walk,-16606,-11,924
walk,-16605,-8,925
walk,-16603,-5,925
oldtrade,spawn
oldtrade,buy,5
walk,-16602,-2,927
walk,-16603,1,927
walk,-16604,4,926
walk,-16605,8,925
walk,-16606,11,925
walk,-16607,14,925
walk,-16608,17,925
walk,-16609,20,924
walk,-16609,23,925
walk,-16609,26,925
walk,-16610,30,925
walk,-16610,33,925
walk,-16610,36,925
walk,-16610,40,925
walk,-16610,43,925
walk,-16610,46,925
walk,-16610,50,925
walk,-16610,53,925
walk,-16610,57,926
walk,-16610,60,926
walk,-16610,64,926
walk,-16610,67,926
walk,-16610,70,926
walk,-16610,73,926
walk,-16610,77,926
walk,-16609,80,926
walk,-16609,84,926
walk,-16609,87,926
walk,-16609,90,933
walk,-16609,93,933
walk,-16609,97,933
walk,-16609,101,928
walk,-16609,104,918
walk,-16608,107,910
walk,-16608,110,902
walk,-16608,114,893
walk,-16608,117,884
walk,-16608,121,874
walk,-16608,124,865
walk,-16608,128,855
walk,-16608,131,845
walk,-16608,134,837
walk,-16608,138,835
walk,-16608,141,835
walk,-16608,145,835
walk,-16608,148,835
walk,-16608,151,835
walk,-16608,155,835
walk,-16608,158,835
walk,-16608,162,835
walk,-16608,165,835
walk,-16608,169,832
walk,-16608,172,824
walk,-16608,175,818
walk,-16608,179,811
walk,-16608,182,805
walk,-16608,185,798
walk,-16608,189,791
walk,-16608,192,785
walk,-16608,195,779
walk,-16608,199,772
walk,-16608,202,766
walk,-16608,205,758
walk,-16608,209,751
walk,-16608,212,746
walk,-16607,215,743
walk,-16607,219,742
walk,-16607,222,741
walk,-16607,225,741
walk,-16607,229,741
walk,-16607,233,741
walk,-16607,236,740
walk,-16607,239,740
walk,-16607,243,740
walk,-16607,246,740
walk,-16607,250,740
walk,-16607,253,740
walk,-16607,256,740
walk,-16607,259,740
walk,-16607,263,740
walk,-16607,266,740
walk,-16607,270,740
walk,-16607,273,740
walk,-16607,276,740
walk,-16607,279,740
walk,-16607,283,740
walk,-16607,286,740
walk,-16607,290,740
walk,-16607,293,741
walk,-16607,296,741
walk,-16607,300,741
walk,-16607,304,741
walk,-16607,307,740
walk,-16607,310,735
walk,-16607,314,735
walk,-16607,317,734
walk,-16606,320,725
walk,-16606,323,711
walk,-16606,326,696
walk,-16605,329,683
walk,-16605,332,671
walk,-16604,336,655
walk,-16602,339,639
walk,-16600,341,634
walk,-16597,344,634
walk,-16595,346,634
walk,-16593,348,637
walk,-16591,351,631
walk,-16589,353,617
walk,-16586,355,606
walk,-16584,357,592
walk,-16581,358,585
walk,-16578,360,584
walk,-16575,361,584
walk,-16572,362,584
walk,-16568,363,584
walk,-16565,364,584
walk,-16562,365,584
walk,-16558,366,584
walk,-16555,367,584
walk,-16552,368,584
wait,5000
teleport,Harbor Manager Marwa,Harbor Manager Gale
wait,5000
walk,-11442,1164,-184
walk,-11440,1162,-184
walk,-11437,1161,-184
walk,-11434,1160,-184
wait,5000
teleport,Harbor Manager Gale,Priate Blackbeard
wait,5000
walk,-8701,1848,-5
walk,-8697,1846,-6
walk,-8694,1844,-6
walk,-8692,1842,-6
walk,-8692,1839,-6
walk,-8693,1838,7
walk,-8694,1836,17
walk,-8694,1834,26
walk,-8691,1831,26
walk,-8686,1829,38
walk,-8679,1828,45
walk,-8676,1828,64
walk,-8672,1828,84
walk,-8669,1828,101
walk,-8664,1828,110
walk,-8657,1827,110
walk,-8652,1827,117
walk,-8649,1828,132
walk,-8647,1828,148
walk,-8644,1828,158
walk,-8640,1828,158
walk,-8635,1828,158
walk,-8630,1827,139
walk,-8620,1827,83
walk,-8614,1827,48
walk,-8606,1826,5
walk,-8603,1826,0
walk,-8599,1824,0
walk,-8599,1821,0
walk,-8596,1816,0
walk,-8593,1811,0
walk,-8589,1806,0
walk,-8586,1802,0
walk,-8582,1797,0
walk,-8579,1792,0
walk,-8575,1787,0
walk,-8572,1782,0
walk,-8568,1777,0
walk,-8564,1774,0
walk,-8559,1770,-1
walk,-8554,1767,-1
walk,-8549,1764,0
walk,-8545,1762,2
walk,-8540,1759,4
walk,-8535,1757,6
walk,-8527,1755,2
walk,-8520,1751,-2
walk,-8515,1748,-1
walk,-8511,1747,5
walk,-8504,1744,0
walk,-8498,1741,0
walk,-8491,1739,-5
walk,-8481,1738,-14
walk,-8469,1737,-22
walk,-8459,1736,-25
walk,-8450,1735,-26
walk,-8442,1734,-25
walk,-8434,1734,-24
walk,-8427,1734,-21
walk,-8417,1733,-22
walk,-8409,1733,-21
walk,-8404,1733,-20
walk,-8399,1732,-18
walk,-8395,1732,-14
walk,-8390,1732,-11
walk,-8386,1731,-7
walk,-8382,1731,-5
walk,-8377,1730,-3
walk,-8371,1730,-3
walk,-8365,1729,-3
walk,-8360,1729,-4
walk,-8354,1728,-4
walk,-8348,1728,-4
walk,-8342,1727,-4
walk,-8336,1727,-5
walk,-8330,1726,-7
walk,-8323,1725,-9
walk,-8317,1725,-11
walk,-8311,1725,-12
walk,-8305,1724,-13
walk,-8300,1724,-11
walk,-8294,1724,-7
walk,-8288,1724,-5
walk,-8280,1724,-2
walk,-8273,1724,6
walk,-8267,1724,18
walk,-8260,1724,31
walk,-8252,1724,43
walk,-8245,1724,55
walk,-8238,1724,68
walk,-8231,1724,81
walk,-8222,1724,90
walk,-8215,1724,102
walk,-8205,1724,110
walk,-8190,1724,107
walk,-8181,1724,109
walk,-8173,1724,114
walk,-8166,1724,119
walk,-8158,1724,125
walk,-8150,1724,130
walk,-8141,1724,132
walk,-8134,1724,137
walk,-8125,1724,140
walk,-8116,1723,142
walk,-8108,1723,147
walk,-8101,1723,152
walk,-8094,1723,159
walk,-8087,1723,166
walk,-8079,1723,171
walk,-8071,1723,173
walk,-8060,1723,170
walk,-8049,1723,168
walk,-8039,1723,169
walk,-8029,1723,169
walk,-8020,1723,171
walk,-8011,1723,173
walk,-8001,1723,173
walk,-7987,1722,165
walk,-7972,1722,151
walk,-7962,1723,147
walk,-7952,1723,147
walk,-7941,1723,142
walk,-7926,1723,130
walk,-7922,1722,125
walk,-7918,1719,121
walk,-7914,1714,120
walk,-7910,1707,120
walk,-7906,1700,124
walk,-7902,1694,128
walk,-7894,1687,133
walk,-7881,1680,134
walk,-7869,1673,134
walk,-7857,1666,136
walk,-7845,1660,142
walk,-7825,1656,154
walk,-7803,1655,189
walk,-7792,1651,200
walk,-7779,1646,205
walk,-7757,1636,184
walk,-7737,1628,180
walk,-7710,1622,183
walk,-7677,1618,182
walk,-7638,1618,181
walk,-7603,1617,185
walk,-7579,1616,185
walk,-7562,1616,185
walk,-7555,1616,183
walk,-7551,1616,182
walk,-7548,1615,182
walk,-7544,1615,182
walk,-7541,1615,182
walk,-7538,1614,181
walk,-7535,1614,181
walk,-7531,1614,181
walk,-7528,1613,181
walk,-7524,1613,181
walk,-7521,1612,180
walk,-7518,1612,180
walk,-7514,1611,180
walk,-7511,1611,180
walk,-7508,1611,180
walk,-7505,1610,180
walk,-7502,1610,180
walk,-7498,1610,180
walk,-7495,1610,180
walk,-7492,1609,180
walk,-7488,1609,180
walk,-7485,1609,180
walk,-7482,1609,180
walk,-7478,1609,180
walk,-7475,1608,180
walk,-7472,1608,180
walk,-7468,1608,180
walk,-7465,1608,180
walk,-7461,1607,180
walk,-7458,1607,180
walk,-7455,1606,180
walk,-7452,1605,180
walk,-7449,1605,180
walk,-7446,1604,180
walk,-7442,1603,180
walk,-7439,1603,181
walk,-7436,1602,181
walk,-7433,1601,180
walk,-7429,1600,180
walk,-7426,1599,180
walk,-7423,1599,182
walk,-7420,1598,183
walk,-7417,1597,183
walk,-7413,1595,183
walk,-7410,1594,184
walk,-7407,1593,184
walk,-7404,1592,183
walk,-7400,1591,183
walk,-7397,1590,182
walk,-7394,1589,181
walk,-7391,1588,180
walk,-7387,1587,180
walk,-7384,1585,180
walk,-7381,1584,180
walk,-7378,1583,180
walk,-7375,1582,180
walk,-7372,1580,180
walk,-7369,1579,180
walk,-7365,1578,180
walk,-7362,1577,180
walk,-7359,1575,180
walk,-7356,1574,180
walk,-7353,1573,180
walk,-7350,1572,180
walk,-7347,1571,180
walk,-7343,1570,180
walk,-7340,1569,180
walk,-7337,1567,180
walk,-7334,1566,180
walk,-7331,1565,180
walk,-7328,1564,180
walk,-7324,1563,179
walk,-7321,1562,179
walk,-7317,1561,179
walk,-7314,1560,179
walk,-7311,1559,179
walk,-7308,1558,178
walk,-7304,1557,175
walk,-7301,1556,171
walk,-7298,1555,169
walk,-7295,1555,167
walk,-7291,1554,166
walk,-7288,1553,166
walk,-7285,1552,166
walk,-7281,1551,165
walk,-7278,1550,166
walk,-7275,1549,167
walk,-7272,1548,169
walk,-7269,1547,173
walk,-7266,1547,176
walk,-7262,1546,178
walk,-7259,1545,179
walk,-7256,1544,179
walk,-7252,1543,179
walk,-7249,1542,180
walk,-7246,1541,180
walk,-7242,1540,180
walk,-7239,1539,180
walk,-7236,1539,180
walk,-7232,1538,180
walk,-7229,1537,180
walk,-7226,1536,180
walk,-7223,1535,180
walk,-7219,1535,180
walk,-7216,1534,180
walk,-7213,1533,180
walk,-7210,1532,180
walk,-7206,1531,180
walk,-7203,1530,180
walk,-7200,1530,180
walk,-7197,1529,180
walk,-7194,1528,180
walk,-7191,1527,180
walk,-7187,1527,180
walk,-7184,1526,180
walk,-7181,1525,180
walk,-7177,1524,180
walk,-7174,1523,180
walk,-7171,1522,180
walk,-7168,1521,180
walk,-7164,1521,180
walk,-7161,1520,180
walk,-7157,1519,180
walk,-7154,1518,180
walk,-7151,1518,180
walk,-7147,1517,180
walk,-7144,1516,180
walk,-7141,1516,180
walk,-7137,1515,180
walk,-7134,1514,180
walk,-7131,1514,180
walk,-7127,1513,180
walk,-7124,1513,180
walk,-7120,1513,179
walk,-7117,1513,179
walk,-7113,1513,178
walk,-7110,1513,173
walk,-7107,1513,164
walk,-7103,1513,157
walk,-7100,1513,153
walk,-7097,1513,156
walk,-7094,1513,163
walk,-7090,1513,171
walk,-7087,1514,177
walk,-7083,1514,179
walk,-7080,1515,180
walk,-7077,1515,179
walk,-7073,1516,180
walk,-7070,1516,180
walk,-7066,1516,180
walk,-7063,1516,180
walk,-7060,1516,180
walk,-7056,1516,180
walk,-7053,1515,180
walk,-7049,1515,180
walk,-7046,1515,180
walk,-7043,1515,180
walk,-7039,1514,180
walk,-7036,1514,180
walk,-7032,1514,180
walk,-7029,1514,180
walk,-7026,1514,180
walk,-7022,1513,180
walk,-7019,1513,180
walk,-7016,1513,180
walk,-7012,1513,180
walk,-7009,1513,180
walk,-7005,1513,180
walk,-7002,1513,180
walk,-6999,1512,180
walk,-6995,1512,180
walk,-6992,1511,180
walk,-6988,1511,180
walk,-6985,1510,180
walk,-6981,1510,180
walk,-6978,1509,180
walk,-6975,1509,180
walk,-6971,1508,180
walk,-6968,1508,180
walk,-6965,1507,180
walk,-6962,1505,180
walk,-6959,1504,180
walk,-6956,1503,181
walk,-6953,1501,181
walk,-6950,1500,185
walk,-6947,1498,190
walk,-6944,1497,197
walk,-6941,1495,198
walk,-6937,1493,193
walk,-6934,1492,185
walk,-6931,1490,182
walk,-6928,1489,180
walk,-6925,1487,180
walk,-6922,1485,180
walk,-6919,1483,185
walk,-6917,1482,192
walk,-6914,1480,197
walk,-6911,1478,196
walk,-6908,1477,189
walk,-6905,1475,184
walk,-6902,1473,184
walk,-6899,1472,185
walk,-6896,1470,191
walk,-6893,1468,197
walk,-6890,1467,197
walk,-6887,1465,194
walk,-6884,1463,187
walk,-6881,1462,181
walk,-6878,1460,179
walk,-6875,1459,179
walk,-6872,1457,179
walk,-6869,1455,182
walk,-6866,1454,193
walk,-6863,1452,203
walk,-6860,1450,210
walk,-6857,1449,216
walk,-6854,1447,221
walk,-6851,1445,223
walk,-6848,1443,219
walk,-6846,1441,212
walk,-6843,1439,204
walk,-6840,1437,202
walk,-6837,1436,199
walk,-6834,1434,195
walk,-6832,1432,191
walk,-6829,1430,190
walk,-6826,1428,185
walk,-6823,1426,184
walk,-6821,1424,181
walk,-6818,1423,193
walk,-6816,1421,203
walk,-6812,1419,210
walk,-6809,1417,216
walk,-6806,1415,218
walk,-6804,1414,218
walk,-6801,1412,218
walk,-6797,1410,216
walk,-6797,1410,214
walk,-6794,1408,208
walk,-6791,1406,195
walk,-6788,1405,182
walk,-6785,1403,180
walk,-6782,1401,180
walk,-6779,1400,180
walk,-6777,1398,180
walk,-6773,1396,180
walk,-6771,1394,180
walk,-6768,1392,180
walk,-6765,1390,180
walk,-6762,1388,180
walk,-6760,1386,180
walk,-6757,1384,180
walk,-6754,1382,180
walk,-6751,1380,181
walk,-6749,1379,181
walk,-6746,1377,181
walk,-6743,1375,182
walk,-6741,1373,182
walk,-6738,1371,182
walk,-6735,1369,183
walk,-6733,1367,183
walk,-6730,1366,184
walk,-6727,1364,184
walk,-6724,1362,184
walk,-6721,1360,184
walk,-6718,1358,185
walk,-6715,1356,185
walk,-6712,1355,185
walk,-6709,1353,185
walk,-6706,1352,185
walk,-6703,1351,185
walk,-6700,1349,185
walk,-6697,1348,186
walk,-6694,1347,186
walk,-6691,1346,186
walk,-6688,1345,187
walk,-6685,1344,188
walk,-6682,1343,190
walk,-6679,1342,187
walk,-6675,1341,182
walk,-6672,1340,181
walk,-6669,1339,181
walk,-6666,1338,181
walk,-6663,1337,180
walk,-6659,1336,180
walk,-6656,1335,180
walk,-6653,1334,180
walk,-6649,1333,180
walk,-6646,1333,180
walk,-6643,1332,180
walk,-6639,1331,180
walk,-6636,1330,180
walk,-6633,1330,180
walk,-6630,1329,180
walk,-6626,1329,180
walk,-6623,1328,180
walk,-6620,1328,180
walk,-6616,1327,180
walk,-6613,1327,180
walk,-6610,1326,179
walk,-6606,1326,178
walk,-6603,1325,178
walk,-6600,1325,177
walk,-6596,1325,177
walk,-6593,1324,176
walk,-6590,1324,176
walk,-6586,1324,175
walk,-6583,1324,174
walk,-6579,1323,173
walk,-6576,1323,172
walk,-6573,1323,171
walk,-6569,1322,169
walk,-6566,1322,166
walk,-6563,1322,163
walk,-6560,1321,159
walk,-6557,1320,155
walk,-6553,1319,149
walk,-6550,1318,143
walk,-6547,1316,139
walk,-6544,1315,136
walk,-6541,1314,133
walk,-6538,1312,131
walk,-6535,1311,129
walk,-6533,1309,128
walk,-6530,1308,128
walk,-6526,1306,130
walk,-6524,1305,132
walk,-6521,1303,135
walk,-6518,1302,138
walk,-6515,1300,143
walk,-6512,1298,149
walk,-6511,1297,152
walk,-6508,1295,159
walk,-6508,1295,163
walk,-6505,1293,172
walk,-6503,1291,182
walk,-6500,1289,192
walk,-6497,1287,200
walk,-6494,1285,208
walk,-6491,1284,213
walk,-6488,1282,218
walk,-6485,1281,220
walk,-6482,1279,221
walk,-6479,1278,220
walk,-6476,1277,218
walk,-6472,1275,214
walk,-6469,1274,210
walk,-6466,1273,205
walk,-6453,1268,181
walk,-6440,1264,179
walk,-6422,1257,180
walk,-6407,1240,180
walk,-6390,1214,180
walk,-6378,1190,180
walk,-6364,1162,180
walk,-6348,1132,196
walk,-6334,1101,246
walk,-6313,1064,314
walk,-6284,1030,407
walk,-6264,1012,472
walk,-6245,995,507
walk,-6219,977,577
walk,-6200,965,617
walk,-6195,965,626
wait,5000
teleport,Aircraft Ticket Seller Shard,Aircraft Ticket Seller Sangnia
wait,5000
walk,-5758,640,3854
walk,-5755,639,3854
walk,-5754,639,3854
walk,-5753,639,3854
walk,-5750,638,3854
walk,-5746,637,3854
walk,-5743,637,3854
walk,-5740,636,3854
walk,-5736,636,3854
walk,-5733,635,3855
walk,-5730,635,3856
walk,-5726,634,3858
walk,-5723,633,3859
walk,-5719,633,3862
walk,-5716,632,3864
walk,-5713,631,3866
walk,-5710,630,3867
walk,-5707,629,3868
walk,-5703,629,3869
walk,-5700,628,3869
walk,-5697,626,3869
walk,-5694,625,3869
walk,-5691,623,3869
walk,-5688,621,3869
walk,-5685,620,3870
walk,-5682,618,3871
walk,-5679,616,3873
walk,-5677,614,3876
walk,-5674,612,3881
walk,-5671,611,3888
walk,-5668,609,3899
walk,-5666,607,3912
walk,-5664,606,3927
walk,-5662,605,3941
walk,-5659,603,3957
walk,-5656,601,3972
walk,-5654,600,3986
walk,-5651,598,3998
walk,-5648,597,4010
walk,-5645,595,4020
walk,-5642,593,4028
walk,-5639,591,4033
walk,-5636,590,4038
walk,-5633,588,4042
walk,-5630,586,4047
walk,-5627,584,4052
walk,-5624,583,4056
walk,-5621,581,4059
walk,-5618,579,4062
walk,-5615,578,4065
walk,-5612,576,4070
walk,-5610,574,4078
walk,-5607,573,4088
walk,-5604,571,4099
walk,-5601,569,4111
walk,-5598,568,4120
walk,-5595,566,4127
walk,-5592,564,4133
walk,-5589,563,4137
walk,-5585,563,4138
walk,-5582,562,4135
walk,-5579,563,4129
walk,-5576,563,4124
walk,-5573,564,4122
walk,-5572,565,4120
walk,-5569,565,4111
walk,-5567,566,4103
walk,-5564,568,4083
walk,-5562,570,4064
walk,-5560,573,4059
walk,-5558,576,4053
walk,-5555,578,4049
walk,-5553,581,4046
walk,-5551,583,4042
walk,-5549,585,4040
walk,-5545,587,4036
walk,-5542,588,4031
walk,-5539,588,4022
walk,-5536,588,4016
walk,-5532,588,4010
walk,-5529,588,4004
walk,-5526,587,3992
walk,-5524,585,3981
walk,-5522,582,3973
walk,-5521,580,3965
walk,-5519,577,3953
walk,-5517,575,3941
walk,-5516,572,3927
walk,-5515,569,3906
walk,-5513,566,3878
walk,-5512,563,3860
walk,-5510,560,3855
walk,-5509,557,3850
walk,-5508,553,3846
walk,-5507,550,3842
walk,-5506,547,3838
walk,-5505,544,3833
walk,-5505,540,3827
walk,-5505,537,3819
walk,-5505,533,3809
walk,-5505,530,3800
walk,-5505,526,3790
walk,-5505,523,3779
walk,-5505,520,3768
walk,-5505,519,3763
walk,-5505,516,3751
walk,-5505,513,3738
walk,-5504,510,3724
walk,-5504,507,3702
walk,-5503,504,3685
walk,-5503,501,3664
walk,-5502,497,3644
walk,-5502,495,3626
walk,-5501,492,3612
walk,-5500,489,3599
walk,-5499,486,3587
walk,-5498,483,3578
walk,-5496,480,3570
walk,-5495,477,3565
walk,-5493,474,3560
walk,-5491,471,3555
walk,-5489,467,3551
walk,-5488,464,3548
walk,-5486,461,3545
walk,-5485,459,3544
walk,-5483,456,3543
walk,-5481,453,3547
walk,-5479,450,3552
walk,-5477,447,3557
walk,-5475,444,3560
walk,-5473,441,3561
walk,-5471,438,3563
walk,-5469,435,3564
walk,-5467,433,3566
walk,-5464,430,3568
walk,-5462,428,3570
walk,-5459,426,3571
walk,-5456,424,3571
walk,-5454,421,3569
walk,-5451,419,3566
walk,-5448,417,3569
walk,-5445,415,3571
walk,-5442,413,3572
walk,-5439,411,3574
walk,-5437,409,3577
walk,-5434,407,3580
walk,-5431,405,3579
walk,-5428,404,3574
walk,-5425,402,3571
walk,-5423,400,3561
walk,-5420,398,3554
walk,-5417,397,3546
walk,-5414,395,3536
walk,-5411,393,3526
walk,-5409,391,3517
walk,-5406,389,3507
walk,-5403,387,3494
walk,-5401,385,3481
walk,-5398,384,3469
walk,-5395,382,3462
walk,-5393,380,3457
walk,-5390,378,3452
walk,-5387,376,3445
walk,-5384,374,3439
walk,-5382,373,3434
walk,-5379,371,3430
walk,-5376,370,3423
walk,-5373,368,3419
walk,-5370,367,3415
walk,-5366,366,3412
walk,-5363,364,3408
walk,-5360,363,3404
walk,-5357,362,3400
walk,-5354,360,3399
walk,-5351,359,3397
walk,-5348,358,3397
walk,-5344,357,3396
walk,-5341,356,3397
walk,-5338,355,3400
walk,-5335,354,3402
walk,-5332,353,3404
walk,-5329,353,3406
walk,-5325,352,3408
walk,-5322,351,3411
walk,-5318,350,3411
walk,-5315,350,3413
walk,-5312,349,3413
walk,-5309,349,3414
walk,-5305,349,3414
walk,-5302,349,3415
walk,-5298,349,3416
walk,-5295,349,3416
walk,-5292,349,3416
walk,-5288,349,3416
walk,-5285,349,3415
walk,-5282,349,3413
walk,-5278,349,3409
walk,-5275,349,3404
walk,-5271,349,3399
walk,-5268,349,3391
walk,-5265,349,3385
walk,-5262,349,3378
walk,-5258,348,3366
walk,-5255,348,3355
walk,-5252,348,3347
walk,-5248,348,3339
walk,-5245,348,3326
walk,-5242,348,3316
walk,-5239,348,3298
walk,-5236,348,3282
walk,-5232,348,3277
walk,-5229,348,3265
walk,-5226,348,3251
walk,-5223,348,3243
walk,-5220,348,3235
walk,-5217,348,3225
walk,-5213,348,3211
walk,-5210,349,3203
walk,-5207,350,3189
walk,-5203,350,3177
walk,-5200,351,3166
walk,-5200,351,3161
walk,-5196,352,3151
walk,-5194,353,3138
walk,-5190,354,3126
walk,-5187,355,3113
walk,-5184,356,3099
walk,-5181,357,3087
walk,-5178,358,3074
walk,-5175,359,3059
walk,-5172,360,3045
walk,-5169,362,3031
walk,-5166,363,3018
walk,-5163,364,3006
walk,-5160,365,2995
walk,-5159,365,2991
walk,-5156,367,2982
walk,-5153,368,2973
walk,-5150,370,2965
walk,-5148,371,2957
walk,-5145,373,2950
walk,-5143,375,2943
walk,-5140,377,2937
walk,-5137,380,2930
walk,-5135,382,2923
walk,-5132,384,2916
walk,-5130,386,2909
walk,-5127,388,2904
walk,-5125,390,2899
walk,-5122,393,2896
walk,-5120,395,2894
walk,-5118,398,2894
walk,-5116,401,2894
walk,-5114,404,2894
walk,-5113,407,2893
walk,-5111,410,2893
walk,-5109,413,2891
walk,-5108,416,2888
walk,-5106,419,2885
walk,-5104,422,2880
walk,-5102,425,2874
walk,-5101,428,2868
walk,-5099,430,2861
walk,-5097,433,2856
walk,-5095,436,2849
walk,-5094,439,2842
walk,-5092,442,2835
walk,-5091,444,2826
walk,-5089,447,2817
walk,-5088,448,2813
walk,-5087,451,2802
walk,-5085,453,2788
walk,-5083,456,2772
walk,-5082,459,2759
walk,-5080,462,2748
walk,-5079,465,2741
walk,-5077,468,2736
walk,-5076,471,2732
walk,-5074,475,2727
walk,-5072,478,2722
walk,-5071,481,2718
walk,-5069,484,2714
walk,-5068,487,2708
walk,-5066,490,2703
walk,-5065,493,2698
walk,-5064,496,2695
walk,-5062,499,2689
walk,-5061,502,2685
walk,-5059,505,2681
walk,-5057,509,2676
walk,-5056,512,2669
walk,-5054,515,2661
walk,-5053,518,2654
walk,-5051,521,2645
walk,-5049,524,2636
walk,-5048,527,2628
walk,-5046,530,2618
walk,-5044,532,2612
walk,-5043,535,2610
walk,-5041,538,2607
walk,-5040,541,2604
walk,-5038,544,2600
walk,-5036,547,2595
walk,-5035,550,2588
walk,-5033,553,2581
walk,-5032,556,2572
walk,-5030,559,2565
walk,-5028,562,2560
walk,-5027,565,2556
walk,-5025,568,2552
walk,-5023,570,2549
walk,-5022,573,2546
walk,-5020,576,2542
walk,-5019,580,2538
walk,-5018,583,2534
walk,-5017,586,2530
walk,-5015,589,2526
walk,-5014,592,2521
walk,-5013,595,2514
walk,-5012,598,2511
walk,-5010,602,2506
walk,-5009,605,2502
walk,-5008,608,2496
walk,-5007,611,2486
walk,-5005,615,2481
walk,-5004,618,2471
walk,-5003,621,2465
walk,-5001,624,2459
walk,-5000,627,2454
walk,-4998,630,2447
walk,-4997,633,2443
walk,-4995,636,2438
walk,-4994,639,2432
walk,-4992,642,2427
walk,-4991,644,2420
walk,-4989,647,2413
walk,-4987,650,2404
walk,-4985,653,2399
walk,-4983,656,2391
walk,-4981,659,2386
walk,-4979,661,2380
walk,-4976,664,2374
walk,-4974,667,2368
walk,-4972,669,2361
walk,-4970,672,2355
walk,-4968,675,2349
walk,-4965,677,2342
walk,-4963,679,2336
walk,-4960,681,2330
walk,-4958,684,2324
walk,-4955,686,2317
walk,-4952,688,2310
walk,-4950,690,2303
walk,-4947,692,2296
walk,-4945,694,2289
walk,-4942,697,2281
walk,-4939,699,2272
walk,-4937,701,2264
walk,-4934,703,2256
walk,-4931,705,2249
walk,-4929,707,2241
walk,-4926,708,2234
walk,-4923,710,2227
walk,-4921,712,2219
walk,-4918,714,2212
walk,-4915,716,2206
walk,-4912,717,2200
walk,-4909,719,2195
walk,-4906,720,2190
walk,-4903,721,2186
walk,-4899,722,2182
walk,-4896,723,2179
walk,-4893,724,2176
walk,-4890,725,2174
walk,-4887,726,2171
walk,-4884,727,2168
walk,-4880,728,2165
walk,-4877,729,2163
walk,-4874,729,2161
walk,-4870,730,2160
walk,-4867,730,2158
walk,-4863,730,2155
walk,-4860,731,2152
walk,-4856,731,2149
walk,-4853,731,2147
walk,-4849,732,2139
walk,-4846,732,2134
walk,-4842,732,2129
walk,-4839,732,2124
walk,-4836,733,2118
walk,-4833,733,2113
walk,-4829,732,2109
walk,-4826,732,2106
walk,-4822,732,2104
walk,-4818,731,2100
walk,-4815,730,2098
walk,-4812,730,2098
walk,-4808,729,2097
walk,-4804,729,2095
walk,-4801,728,2094
walk,-4798,727,2093
walk,-4794,727,2094
walk,-4790,726,2093
walk,-4787,725,2093
walk,-4784,725,2092
walk,-4781,724,2092
walk,-4777,723,2092
walk,-4774,722,2092
walk,-4771,721,2091
walk,-4767,721,2091
walk,-4764,720,2090
walk,-4761,719,2089
walk,-4758,718,2088
walk,-4754,717,2087
walk,-4751,716,2086
walk,-4748,716,2084
walk,-4745,715,2083
walk,-4742,714,2082
walk,-4738,713,2081
walk,-4735,712,2081
walk,-4732,711,2079
walk,-4728,710,2076
walk,-4725,709,2072
walk,-4722,708,2069
walk,-4719,707,2066
walk,-4716,706,2064
walk,-4713,705,2062
walk,-4710,704,2061
walk,-4707,703,2059
walk,-4703,702,2058
walk,-4700,701,2058
walk,-4697,700,2056
walk,-4694,699,2055
walk,-4690,699,2055
walk,-4687,698,2055
walk,-4683,697,2054
walk,-4680,696,2053
walk,-4677,695,2053
walk,-4673,695,2051
walk,-4670,694,2050
walk,-4667,693,2047
walk,-4663,692,2043
walk,-4660,691,2040
walk,-4657,690,2035
walk,-4654,690,2032
walk,-4651,689,2029
walk,-4647,688,2026
walk,-4644,687,2024
walk,-4640,686,2021
walk,-4637,685,2019
walk,-4634,685,2016
walk,-4631,684,2015
walk,-4627,683,2014
walk,-4624,683,2014
walk,-4620,683,2016
walk,-4617,682,2019
walk,-4614,682,2022
walk,-4610,682,2025
walk,-4606,681,2028
walk,-4603,681,2030
walk,-4600,681,2032
walk,-4596,681,2032
walk,-4593,681,2032
walk,-4589,682,2032
walk,-4586,683,2031
walk,-4582,683,2029
walk,-4579,684,2027
walk,-4576,685,2025
walk,-4573,686,2022
walk,-4569,686,2019
walk,-4566,687,2017
walk,-4563,688,2015
walk,-4560,689,2013
walk,-4556,690,2011
walk,-4553,691,2011
walk,-4550,692,2011
walk,-4547,693,2011
walk,-4543,694,2012
walk,-4540,696,2013
walk,-4537,696,2014
walk,-4534,697,2016
walk,-4530,698,2017
walk,-4527,699,2020
walk,-4523,700,2023
walk,-4520,700,2027
walk,-4517,701,2030
walk,-4513,702,2032
walk,-4510,702,2034
walk,-4506,702,2036
walk,-4503,702,2038
walk,-4500,702,2038
walk,-4497,702,2038
walk,-4493,701,2040
walk,-4490,701,2039
walk,-4486,701,2038
walk,-4483,701,2035
walk,-4480,700,2027
walk,-4476,700,2021
walk,-4473,699,2016
walk,-4470,698,2011
walk,-4467,697,2007
walk,-4464,696,2005
walk,-4460,695,2002
walk,-4457,694,1998
walk,-4454,693,1996
walk,-4451,691,1996
walk,-4448,690,1993
walk,-4445,689,1991
walk,-4442,688,1987
walk,-4438,687,1983
walk,-4435,685,1979
walk,-4432,684,1976
walk,-4429,683,1971
walk,-4426,681,1966
walk,-4423,680,1962
walk,-4420,679,1958
walk,-4416,677,1956
walk,-4413,676,1953
walk,-4410,675,1951
walk,-4407,673,1950
walk,-4404,672,1949
walk,-4401,671,1948
walk,-4398,669,1949
walk,-4395,668,1947
walk,-4392,667,1947
walk,-4388,665,1946
walk,-4385,664,1945
walk,-4382,662,1944
walk,-4379,661,1944
walk,-4376,660,1943
walk,-4372,658,1943
walk,-4369,657,1943
walk,-4366,657,1942
walk,-4363,656,1943
walk,-4360,656,1943
walk,-4356,655,1942
walk,-4353,655,1940
walk,-4350,654,1938
walk,-4346,654,1935
walk,-4343,654,1930
walk,-4340,653,1926
walk,-4336,653,1923
walk,-4333,652,1922
walk,-4330,651,1922
walk,-4326,650,1923
walk,-4323,649,1925
walk,-4320,648,1926
walk,-4316,647,1928
walk,-4313,646,1930
walk,-4310,645,1929
walk,-4307,644,1930
walk,-4304,643,1930
walk,-4301,641,1930
walk,-4298,640,1930
walk,-4295,638,1931
walk,-4293,636,1931
walk,-4290,634,1930
walk,-4287,632,1930
walk,-4285,630,1930
walk,-4282,628,1928
walk,-4279,626,1923
walk,-4277,624,1919
walk,-4274,622,1917
walk,-4272,620,1916
walk,-4269,618,1916
walk,-4267,616,1917
walk,-4263,614,1914
walk,-4261,612,1912
walk,-4258,610,1912
walk,-4255,608,1910
walk,-4252,607,1910
walk,-4248,605,1909
walk,-4245,603,1908
walk,-4242,602,1910
walk,-4239,600,1913
walk,-4236,598,1914
walk,-4233,597,1915
walk,-4230,595,1915
walk,-4227,593,1914
walk,-4224,592,1914
walk,-4220,591,1914
walk,-4217,590,1914
walk,-4214,589,1915
walk,-4211,588,1916
walk,-4208,587,1918
walk,-4204,586,1921
walk,-4201,585,1924
walk,-4198,585,1927
walk,-4195,584,1930
walk,-4192,583,1934
walk,-4183,581,1936
walk,-4180,581,1944
walk,-4177,582,1946
walk,-4174,583,1947
walk,-4171,585,1948
walk,-4168,586,1949
walk,-4165,588,1950
walk,-4162,590,1950
walk,-4159,591,1951
walk,-4156,593,1951
walk,-4153,595,1952
walk,-4150,597,1952
walk,-4147,598,1953
walk,-4144,600,1953
walk,-4141,602,1954
walk,-4138,604,1954
walk,-4136,605,1954
walk,-4133,607,1954
walk,-4130,609,1953
walk,-4127,611,1953
walk,-4124,613,1952
walk,-4121,615,1952
walk,-4118,617,1951
walk,-4116,618,1950
walk,-4113,620,1950
walk,-4110,622,1949
walk,-4107,624,1949
walk,-4104,626,1950
walk,-4101,628,1952
walk,-4099,630,1955
walk,-4096,632,1957
walk,-4094,634,1960
walk,-4091,635,1964
walk,-4088,637,1967
walk,-4086,639,1971
walk,-4083,641,1974
walk,-4080,643,1978
walk,-4077,645,1981
walk,-4074,647,1984
walk,-4071,649,1986
walk,-4068,651,1987
walk,-4065,653,1988
walk,-4063,655,1989
walk,-4060,657,1988
walk,-4057,659,1987
walk,-4054,661,1986
walk,-4052,663,1985
walk,-4049,665,1983
walk,-4046,667,1981
walk,-4044,669,1981
walk,-4041,672,1980
walk,-4038,674,1980
walk,-4036,676,1981
walk,-4033,678,1984
walk,-4031,681,1989
walk,-4028,683,1993
walk,-4026,685,1997
walk,-4023,687,2000
walk,-4021,689,2003
walk,-4018,691,2005
walk,-4016,693,2007
walk,-4013,695,2008
walk,-4011,698,2009
walk,-4008,700,2012
walk,-4006,702,2014
walk,-4003,705,2016
walk,-4001,707,2019
walk,-3998,709,2023
walk,-3996,712,2027
walk,-3993,714,2032
walk,-3990,716,2036
walk,-3988,719,2041
walk,-3986,721,2046
walk,-3983,723,2050
walk,-3981,726,2055
walk,-3978,728,2059
walk,-3976,730,2063
walk,-3974,733,2067
walk,-3971,735,2070
walk,-3969,738,2072
walk,-3967,740,2073
walk,-3964,743,2074
walk,-3962,745,2074
walk,-3960,748,2073
walk,-3958,750,2072
walk,-3955,753,2070
walk,-3953,755,2068
walk,-3951,758,2065
walk,-3949,761,2062
walk,-3946,764,2059
walk,-3944,766,2055
walk,-3942,769,2051
walk,-3940,771,2047
walk,-3937,774,2043
walk,-3935,777,2038
walk,-3933,779,2033
walk,-3931,782,2028
walk,-3928,785,2022
walk,-3926,787,2017
walk,-3924,790,2012
walk,-3922,793,2007
walk,-3920,795,2002
walk,-3918,798,1998
walk,-3916,800,1994
walk,-3914,803,1990
walk,-3912,806,1986
walk,-3910,808,1983
walk,-3908,811,1980
walk,-3906,813,1977
walk,-3903,816,1975
walk,-3901,819,1972
walk,-3899,822,1971
walk,-3897,825,1969
walk,-3895,828,1967
walk,-3893,831,1966
walk,-3892,834,1966
walk,-3890,837,1966
walk,-3888,840,1968
walk,-3886,843,1971
walk,-3885,845,1974
walk,-3883,848,1977
walk,-3881,851,1981
walk,-3879,854,1984
walk,-3877,857,1988
walk,-3876,860,1992
walk,-3874,862,1997
walk,-3872,865,2002
walk,-3871,868,2006
walk,-3869,871,2014
walk,-3867,874,2020
walk,-3865,877,2027
walk,-3864,880,2033
walk,-3862,882,2040
walk,-3860,885,2045
walk,-3859,888,2051
walk,-3857,891,2057
walk,-3855,894,2062
walk,-3853,897,2067
walk,-3852,899,2072
walk,-3850,902,2076
walk,-3848,905,2081
walk,-3846,908,2086
walk,-3844,911,2091
walk,-3842,913,2097
walk,-3840,916,2102
walk,-3838,919,2109
walk,-3836,921,2114
walk,-3833,924,2119
walk,-3831,926,2126
walk,-3829,929,2133
walk,-3827,932,2141
walk,-3825,934,2148
walk,-3822,937,2155
walk,-3820,939,2163
walk,-3817,941,2170
walk,-3814,943,2177
walk,-3811,944,2185
walk,-3808,945,2191
walk,-3805,947,2198
walk,-3802,948,2204
walk,-3799,949,2210
walk,-3795,950,2215
walk,-3792,951,2221
walk,-3789,952,2225
walk,-3786,953,2229
walk,-3782,954,2232
walk,-3779,955,2236
walk,-3776,956,2239
walk,-3772,957,2241
walk,-3769,958,2243
walk,-3766,958,2245
walk,-3763,959,2248
walk,-3760,960,2251
walk,-3757,961,2253
walk,-3753,961,2256
walk,-3750,962,2258
walk,-3746,962,2261
walk,-3743,962,2263
walk,-3740,962,2265
walk,-3737,962,2266
walk,-3733,961,2266
walk,-3730,960,2267
walk,-3727,960,2267
walk,-3723,959,2266
walk,-3719,958,2265
walk,-3716,958,2265
walk,-3712,957,2264
walk,-3709,957,2263
walk,-3706,956,2263
walk,-3702,956,2263
walk,-3699,956,2263
walk,-3695,956,2265
walk,-3692,956,2266
walk,-3689,956,2267
walk,-3686,956,2269
walk,-3682,956,2271
walk,-3679,956,2273
walk,-3675,956,2275
walk,-3672,956,2277
walk,-3669,956,2279
walk,-3665,957,2282
walk,-3662,957,2284
walk,-3658,957,2285
walk,-3655,957,2287
walk,-3651,958,2288
walk,-3648,958,2288
walk,-3645,958,2288
walk,-3641,959,2286
walk,-3638,959,2285
walk,-3635,959,2282
walk,-3631,960,2279
walk,-3628,961,2276
walk,-3625,962,2272
walk,-3621,963,2268
walk,-3618,964,2264
walk,-3615,965,2258
walk,-3611,966,2254
walk,-3608,967,2249
walk,-3605,968,2244
walk,-3602,969,2239
walk,-3599,969,2237
walk,-3595,970,2235
walk,-3592,970,2234
walk,-3588,971,2232
walk,-3585,971,2230
walk,-3582,971,2227
walk,-3579,971,2225
walk,-3575,971,2224
walk,-3572,972,2224
walk,-3568,972,2224
walk,-3565,972,2225
walk,-3561,972,2225
walk,-3558,972,2226
walk,-3554,972,2227
walk,-3551,971,2228
walk,-3548,971,2230
walk,-3545,970,2232
walk,-3541,970,2235
walk,-3538,969,2237
walk,-3535,968,2240
walk,-3531,968,2242
walk,-3528,967,2243
walk,-3524,966,2243
walk,-3521,966,2243
walk,-3517,965,2243
walk,-3514,964,2243
walk,-3511,963,2242
walk,-3508,961,2242
walk,-3505,960,2241
walk,-3502,958,2239
walk,-3499,956,2237
walk,-3495,955,2236
walk,-3493,953,2234
walk,-3490,951,2233
walk,-3486,950,2232
walk,-3483,948,2230
walk,-3481,946,2229
walk,-3477,944,2227
walk,-3474,943,2225
walk,-3472,941,2224
walk,-3470,939,2222
walk,-3468,936,2220
walk,-3465,933,2218
walk,-3463,931,2215
walk,-3461,928,2213
walk,-3459,925,2211
walk,-3457,922,2209
walk,-3455,919,2209
walk,-3453,917,2209
walk,-3451,914,2211
walk,-3449,911,2212
walk,-3447,908,2214
walk,-3445,905,2215
walk,-3443,902,2216
walk,-3441,899,2218
walk,-3440,896,2219
walk,-3438,893,2220
walk,-3436,890,2221
walk,-3435,887,2221
walk,-3433,884,2221
walk,-3431,881,2222
walk,-3430,878,2223
walk,-3428,875,2223
walk,-3426,872,2223
walk,-3425,869,2223
walk,-3423,866,2224
walk,-3421,863,2226
walk,-3419,860,2228
walk,-3418,857,2231
walk,-3416,855,2233
walk,-3414,852,2235
walk,-3412,849,2235
walk,-3410,847,2236
walk,-3408,844,2240
walk,-3406,841,2243
walk,-3404,838,2247
walk,-3402,836,2250
walk,-3400,833,2252
walk,-3398,830,2253
walk,-3396,827,2253
walk,-3394,824,2252
walk,-3392,822,2251
walk,-3390,819,2253
walk,-3387,817,2258
walk,-3385,814,2264
walk,-3383,812,2268
walk,-3381,809,2272
walk,-3379,806,2277
walk,-3376,804,2283
walk,-3374,801,2289
walk,-3372,799,2294
walk,-3369,796,2296
walk,-3367,794,2300
walk,-3365,791,2306
walk,-3363,789,2314
walk,-3360,786,2322
walk,-3358,783,2330
walk,-3356,781,2338
walk,-3354,778,2344
walk,-3351,776,2349
walk,-3349,773,2353
walk,-3347,771,2357
walk,-3344,768,2362
walk,-3342,766,2367
walk,-3340,763,2371
walk,-3338,760,2375
walk,-3335,758,2379
walk,-3333,755,2385
walk,-3331,753,2393
walk,-3329,750,2401
walk,-3327,747,2409
walk,-3325,745,2415
walk,-3323,742,2421
walk,-3321,740,2427
walk,-3319,737,2434
walk,-3316,734,2441
walk,-3314,732,2448
walk,-3312,730,2454
walk,-3310,727,2460
walk,-3307,725,2466
walk,-3305,723,2471
walk,-3302,721,2475
walk,-3299,719,2478
walk,-3296,716,2480
walk,-3294,714,2482
walk,-3292,712,2485
walk,-3289,710,2486
walk,-3287,707,2488
walk,-3284,705,2488
walk,-3282,703,2488
walk,-3279,700,2488
walk,-3277,698,2489
walk,-3275,696,2492
walk,-3272,693,2496
walk,-3270,691,2501
walk,-3267,689,2503
walk,-3265,686,2504
walk,-3262,684,2503
walk,-3260,682,2501
walk,-3258,679,2500
walk,-3255,677,2501
walk,-3253,674,2504
walk,-3251,672,2507
walk,-3248,669,2509
walk,-3246,667,2511
walk,-3243,665,2512
walk,-3241,662,2513
walk,-3239,660,2514
walk,-3236,657,2517
walk,-3234,655,2520
walk,-3231,653,2522
walk,-3229,650,2524
walk,-3226,648,2525
walk,-3223,646,2527
walk,-3220,644,2528
walk,-3218,642,2530
walk,-3215,640,2530
walk,-3212,638,2530
walk,-3210,636,2530
walk,-3207,634,2529
walk,-3203,633,2528
walk,-3200,631,2527
walk,-3197,630,2526
walk,-3194,628,2525
walk,-3191,627,2524
walk,-3188,626,2524
walk,-3185,624,2523
walk,-3182,623,2523
walk,-3179,622,2523
walk,-3176,620,2523
walk,-3173,619,2523
walk,-3170,617,2523
walk,-3167,616,2523
walk,-3161,612,2552
wait,5000
teleport,Aircraft Ticket Seller Ajati,Airship Ticket Seller Dawari
wait,5000
walk,-2596,353,2105
walk,-2594,352,2105
walk,-2591,350,2103
walk,-2588,348,2101
walk,-2585,347,2100
walk,-2582,345,2097
walk,-2579,344,2095
walk,-2576,342,2094
walk,-2573,341,2092
walk,-2569,339,2091
walk,-2566,338,2091
walk,-2563,336,2091
walk,-2560,334,2091
walk,-2558,333,2091
walk,-2555,331,2091
walk,-2552,330,2090
walk,-2549,328,2089
walk,-2546,327,2087
walk,-2543,325,2085
walk,-2540,324,2083
walk,-2538,322,2080
walk,-2535,321,2077
walk,-2532,319,2074
walk,-2529,318,2071
walk,-2526,316,2069
walk,-2523,315,2065
walk,-2520,314,2062
walk,-2517,312,2059
walk,-2514,311,2056
walk,-2510,309,2052
walk,-2507,308,2048
walk,-2504,307,2044
walk,-2501,305,2042
walk,-2498,304,2040
walk,-2495,303,2039
walk,-2492,301,2038
walk,-2488,300,2038
walk,-2485,298,2036
walk,-2482,297,2033
walk,-2479,296,2030
walk,-2475,294,2026
walk,-2473,293,2023
walk,-2469,291,2022
walk,-2466,290,2021
walk,-2464,289,2019
walk,-2460,287,2017
walk,-2457,286,2012
walk,-2454,284,2008
walk,-2451,283,2006
walk,-2447,281,2004
walk,-2444,280,2003
walk,-2441,279,2001
walk,-2438,277,2000
walk,-2435,276,1998
walk,-2432,274,1997
walk,-2429,273,1994
walk,-2426,271,1992
walk,-2423,270,1990
walk,-2420,268,1988
walk,-2417,267,1988
walk,-2414,266,1987
walk,-2410,264,1985
walk,-2407,263,1985
walk,-2404,261,1984
walk,-2401,259,1984
walk,-2398,258,1982
walk,-2395,256,1981
walk,-2392,255,1981
walk,-2389,253,1981
walk,-2386,252,1981
walk,-2383,250,1980
walk,-2380,249,1979
walk,-2377,247,1979
walk,-2374,245,1979
walk,-2371,244,1979
walk,-2368,242,1980
walk,-2366,241,1981
walk,-2363,239,1982
walk,-2360,238,1983
walk,-2357,236,1983
walk,-2354,234,1983
walk,-2351,233,1981
walk,-2348,231,1979
walk,-2345,229,1978
walk,-2342,228,1977
walk,-2339,227,1978
walk,-2335,225,1979
walk,-2332,224,1982
walk,-2329,223,1984
walk,-2326,222,1986
walk,-2322,221,1987
walk,-2319,220,1987
walk,-2316,218,1987
walk,-2313,217,1987
walk,-2309,216,1987
walk,-2306,215,1987
walk,-2303,214,1987
walk,-2300,212,1987
walk,-2297,211,1988
walk,-2294,210,1987
walk,-2290,209,1987
walk,-2287,208,1985
walk,-2284,207,1982
walk,-2280,205,1977
walk,-2276,205,1972
walk,-2273,205,1966
walk,-2269,205,1960
walk,-2266,206,1956
walk,-2262,207,1951
walk,-2259,207,1947
walk,-2256,208,1943
walk,-2253,209,1938
walk,-2250,210,1934
walk,-2246,211,1931
walk,-2243,212,1927
walk,-2240,212,1924
walk,-2236,213,1922
walk,-2233,214,1919
walk,-2230,215,1918
walk,-2227,217,1916
walk,-2224,218,1914
walk,-2221,220,1912
walk,-2217,222,1910
walk,-2215,223,1907
walk,-2212,225,1902
walk,-2209,227,1896
walk,-2206,229,1889
walk,-2203,231,1882
walk,-2200,232,1874
walk,-2197,234,1868
walk,-2194,236,1862
walk,-2191,237,1857
walk,-2188,239,1851
walk,-2185,241,1844
walk,-2182,243,1837
walk,-2179,245,1829
walk,-2176,246,1821
walk,-2173,248,1814
walk,-2170,249,1808
walk,-2167,251,1802
walk,-2164,253,1797
walk,-2161,255,1792
walk,-2158,256,1787
walk,-2155,258,1782
walk,-2152,260,1778
walk,-2149,261,1773
walk,-2146,263,1768
walk,-2143,264,1763
walk,-2140,266,1759
walk,-2137,267,1756
walk,-2134,269,1752
walk,-2131,270,1747
walk,-2127,272,1743
walk,-2125,273,1737
walk,-2121,275,1732
walk,-2118,276,1725
walk,-2115,278,1718
walk,-2112,279,1710
walk,-2109,280,1702
walk,-2106,282,1695
walk,-2103,283,1687
walk,-2099,285,1679
walk,-2099,285,1676
walk,-2096,286,1667
walk,-2093,288,1658
walk,-2090,289,1647
walk,-2086,289,1639
walk,-2083,290,1632
walk,-2080,290,1626
walk,-2076,291,1619
walk,-2073,291,1612
walk,-2072,291,1609
walk,-2069,292,1602
walk,-2066,292,1593
walk,-2062,292,1584
walk,-2059,293,1573
walk,-2055,293,1562
walk,-2052,293,1552
walk,-2049,294,1542
walk,-2046,294,1532
walk,-2042,294,1522
walk,-2039,294,1511
walk,-2035,294,1502
walk,-2035,294,1498
walk,-2031,293,1489
walk,-2028,293,1477
walk,-2025,293,1467
walk,-2021,293,1455
walk,-2018,293,1446
walk,-2014,292,1436
walk,-2011,292,1427
walk,-2008,292,1419
walk,-2005,292,1411
walk,-2001,291,1404
walk,-1998,291,1398
walk,-1994,291,1393
walk,-1991,291,1390
walk,-1988,290,1387
walk,-1984,290,1385
walk,-1981,289,1384
walk,-1977,289,1383
walk,-1974,288,1383
walk,-1971,288,1383
walk,-1967,287,1382
walk,-1964,287,1382
walk,-1960,286,1381
walk,-1957,286,1380
walk,-1954,285,1379
walk,-1951,285,1378
walk,-1947,285,1377
walk,-1944,284,1376
walk,-1941,284,1374
walk,-1937,283,1373
walk,-1934,283,1373
walk,-1931,283,1374
walk,-1927,282,1376
walk,-1924,282,1377
walk,-1921,281,1379
walk,-1917,281,1382
walk,-1914,281,1384
walk,-1910,280,1386
walk,-1907,280,1387
walk,-1904,280,1391
walk,-1900,280,1394
walk,-1897,281,1397
walk,-1894,281,1398
walk,-1890,281,1398
walk,-1887,282,1397
walk,-1884,282,1395
walk,-1880,283,1392
walk,-1877,283,1388
walk,-1874,284,1385
walk,-1871,284,1381
walk,-1868,285,1377
walk,-1864,285,1373
walk,-1861,286,1369
walk,-1858,286,1365
walk,-1855,287,1362
walk,-1851,287,1359
walk,-1848,287,1355
walk,-1845,288,1353
walk,-1841,289,1354
walk,-1838,289,1355
walk,-1835,290,1356
walk,-1832,290,1357
walk,-1828,291,1359
walk,-1825,292,1360
walk,-1822,292,1362
walk,-1818,293,1363
walk,-1815,294,1364
walk,-1812,294,1367
walk,-1808,295,1370
walk,-1805,296,1373
walk,-1801,297,1377
walk,-1798,298,1380
walk,-1795,299,1383
walk,-1791,300,1386
walk,-1788,301,1387
walk,-1784,302,1386
walk,-1781,304,1385
walk,-1778,305,1384
walk,-1774,306,1382
walk,-1771,307,1380
walk,-1768,308,1379
walk,-1765,309,1377
walk,-1761,311,1377
walk,-1758,312,1376
walk,-1755,313,1376
walk,-1752,314,1376
walk,-1749,316,1377
walk,-1746,317,1378
walk,-1743,319,1378
walk,-1740,320,1379
walk,-1737,321,1379
walk,-1734,323,1381
walk,-1731,324,1383
walk,-1728,326,1385
walk,-1725,327,1387
walk,-1722,329,1389
walk,-1719,331,1389
walk,-1716,333,1388
walk,-1713,334,1386
walk,-1711,336,1382
walk,-1708,338,1378
walk,-1705,339,1375
walk,-1702,341,1372
walk,-1700,343,1368
walk,-1697,344,1365
walk,-1694,346,1361
walk,-1691,348,1355
walk,-1689,350,1349
walk,-1686,351,1344
walk,-1683,353,1339
walk,-1680,355,1336
walk,-1677,357,1334
walk,-1674,359,1332
walk,-1671,361,1331
walk,-1668,362,1329
walk,-1665,364,1326
walk,-1662,366,1324
walk,-1659,368,1322
walk,-1657,369,1321
walk,-1653,370,1322
walk,-1650,371,1324
walk,-1646,372,1326
walk,-1643,372,1327
walk,-1640,372,1327
walk,-1636,373,1327
walk,-1633,373,1327
walk,-1630,373,1326
walk,-1626,374,1325
walk,-1623,374,1324
walk,-1620,374,1323
walk,-1616,375,1323
walk,-1613,375,1323
walk,-1610,376,1323
walk,-1606,377,1322
walk,-1603,377,1322
walk,-1600,378,1322
walk,-1596,379,1322
walk,-1593,380,1323
walk,-1590,381,1325
walk,-1587,382,1328
walk,-1583,383,1330
walk,-1580,385,1332
walk,-1576,386,1336
walk,-1573,387,1337
walk,-1570,388,1337
walk,-1567,389,1338
walk,-1564,389,1340
walk,-1561,390,1343
walk,-1558,391,1347
walk,-1555,393,1353
walk,-1552,394,1360
walk,-1548,395,1365
walk,-1545,396,1369
walk,-1542,397,1371
walk,-1539,398,1372
walk,-1536,400,1372
walk,-1533,401,1373
walk,-1529,402,1373
walk,-1526,403,1373
walk,-1523,404,1375
walk,-1520,405,1376
walk,-1517,407,1378
walk,-1514,408,1379
walk,-1511,409,1379
walk,-1507,410,1377
walk,-1504,411,1374
walk,-1501,412,1371
walk,-1498,412,1368
walk,-1495,414,1366
walk,-1491,415,1365
walk,-1488,416,1364
walk,-1485,417,1364
walk,-1482,418,1363
walk,-1478,419,1363
walk,-1475,420,1363
walk,-1471,421,1364
walk,-1468,422,1365
walk,-1465,423,1366
walk,-1462,423,1370
walk,-1459,424,1374
walk,-1456,425,1378
walk,-1453,426,1382
walk,-1450,427,1386
walk,-1447,429,1389
walk,-1443,431,1391
walk,-1441,432,1392
walk,-1438,434,1391
walk,-1435,436,1390
walk,-1432,438,1388
walk,-1430,440,1385
walk,-1427,442,1382
walk,-1424,444,1379
walk,-1421,446,1377
walk,-1419,448,1375
walk,-1416,449,1377
walk,-1413,452,1380
walk,-1410,454,1385
walk,-1408,455,1390
walk,-1405,457,1395
walk,-1402,459,1398
walk,-1399,461,1400
walk,-1397,463,1399
walk,-1394,465,1397
walk,-1391,467,1394
walk,-1388,469,1391
walk,-1385,471,1386
walk,-1383,473,1383
walk,-1380,475,1381
walk,-1377,476,1380
walk,-1374,477,1381
walk,-1371,478,1382
walk,-1367,478,1382
walk,-1364,478,1381
walk,-1361,478,1377
walk,-1357,478,1374
walk,-1354,478,1369
walk,-1350,478,1365
walk,-1347,478,1363
walk,-1344,477,1361
walk,-1340,477,1362
walk,-1337,477,1364
walk,-1333,477,1367
walk,-1330,477,1371
walk,-1326,476,1376
walk,-1323,476,1381
walk,-1320,476,1386
walk,-1316,475,1390
walk,-1313,475,1393
walk,-1310,474,1395
walk,-1306,473,1396
walk,-1303,473,1396
walk,-1300,472,1394
walk,-1296,472,1391
walk,-1293,471,1388
walk,-1289,471,1385
walk,-1286,470,1381
walk,-1283,469,1378
walk,-1280,468,1376
walk,-1277,467,1376
walk,-1273,466,1376
walk,-1271,464,1375
walk,-1267,463,1375
walk,-1264,462,1374
walk,-1261,460,1375
walk,-1258,459,1376
walk,-1255,458,1378
walk,-1252,456,1379
walk,-1248,455,1381
walk,-1245,454,1382
walk,-1242,452,1383
walk,-1239,451,1384
walk,-1236,450,1383
walk,-1233,448,1383
walk,-1230,446,1382
walk,-1228,444,1381
walk,-1225,442,1381
walk,-1223,440,1383
walk,-1220,438,1385
walk,-1217,436,1386
walk,-1214,434,1388
walk,-1212,432,1389
walk,-1209,430,1390
walk,-1207,428,1391
walk,-1204,426,1391
walk,-1201,423,1390
walk,-1198,421,1389
walk,-1196,419,1388
walk,-1193,417,1388
walk,-1190,415,1388
walk,-1187,413,1389
walk,-1185,411,1389
walk,-1182,409,1388
walk,-1179,407,1388
walk,-1176,405,1387
walk,-1174,403,1387
walk,-1171,401,1388
walk,-1169,399,1388
walk,-1166,397,1390
walk,-1164,395,1391
walk,-1161,393,1391
walk,-1159,391,1392
walk,-1157,389,1391
walk,-1154,386,1390
walk,-1152,384,1388
walk,-1150,382,1384
walk,-1147,380,1381
walk,-1144,377,1376
walk,-1142,375,1371
walk,-1140,373,1367
walk,-1137,371,1362
walk,-1135,368,1358
walk,-1133,366,1356
walk,-1130,364,1353
walk,-1127,362,1350
walk,-1125,361,1349
walk,-1121,359,1350
walk,-1118,357,1351
walk,-1115,356,1354
walk,-1112,354,1356
walk,-1109,353,1358
walk,-1106,351,1358
walk,-1103,350,1357
walk,-1100,348,1355
walk,-1097,347,1353
walk,-1094,345,1351
walk,-1091,344,1348
walk,-1088,342,1346
walk,-1085,341,1343
walk,-1082,339,1340
walk,-1079,338,1337
walk,-1076,336,1332
walk,-1073,335,1328
walk,-1070,333,1325
walk,-1067,332,1323
walk,-1064,330,1321
walk,-1061,328,1321
walk,-1058,327,1319
walk,-1055,325,1316
walk,-1052,323,1313
walk,-1050,322,1307
walk,-1047,320,1300
walk,-1044,318,1292
walk,-1041,316,1285
walk,-1038,315,1279
walk,-1035,313,1273
walk,-1032,311,1269
walk,-1029,309,1270
walk,-1026,308,1273
walk,-1024,306,1275
walk,-1020,305,1276
walk,-1017,303,1275
walk,-1014,302,1272
walk,-1011,301,1268
walk,-1008,299,1262
walk,-1005,298,1254
walk,-1004,298,1251
walk,-1001,296,1242
walk,-998,295,1232
walk,-995,294,1223
walk,-992,293,1212
walk,-989,291,1205
walk,-986,290,1197
walk,-983,289,1190
walk,-980,288,1183
walk,-977,287,1176
walk,-973,285,1168
walk,-970,284,1162
walk,-967,283,1156
walk,-964,282,1151
walk,-961,280,1146
walk,-958,279,1139
walk,-955,277,1131
walk,-952,275,1121
walk,-949,274,1110
walk,-946,272,1100
walk,-943,270,1091
walk,-940,268,1081
walk,-937,267,1072
walk,-935,265,1064
walk,-932,263,1056
walk,-929,261,1047
walk,-926,259,1039
walk,-924,256,1031
walk,-921,254,1023
walk,-919,252,1015
walk,-916,250,1005
walk,-914,248,995
walk,-913,247,991
walk,-910,245,983
walk,-910,244,978
walk,-907,242,969
walk,-907,242,964
walk,-904,239,955
walk,-902,237,944
walk,-899,234,933
walk,-897,232,920
walk,-895,229,909
walk,-893,226,899
walk,-891,224,890
walk,-889,221,882
walk,-887,218,873
walk,-885,216,866
walk,-883,213,858
walk,-881,210,849
walk,-879,207,842
walk,-876,204,835
walk,-874,202,828
walk,-872,199,824
walk,-870,197,821
walk,-868,194,819
walk,-866,191,816
walk,-864,189,811
walk,-862,186,804
walk,-859,184,796
walk,-857,181,785
walk,-855,179,774
walk,-853,176,762
walk,-851,174,750
walk,-848,171,738
walk,-846,169,725
walk,-844,167,713
walk,-842,164,697
walk,-839,162,682
walk,-837,160,665
walk,-835,157,652
walk,-833,155,642
walk,-830,152,637
walk,-828,150,631
walk,-826,148,626
walk,-823,145,625
walk,-821,143,623
walk,-819,140,618
walk,-816,138,612
walk,-814,135,603
walk,-811,133,594
walk,-809,131,585
walk,-807,128,576
walk,-804,126,569
walk,-802,124,564
walk,-800,121,559
walk,-797,119,554
walk,-795,116,551
walk,-792,114,549
walk,-790,111,548
walk,-787,109,548
walk,-784,107,548
walk,-781,105,548
walk,-778,105,548
walk,-774,104,549
walk,-771,104,549
walk,-768,104,550
walk,-764,103,556
walk,-761,103,564
walk,-758,103,572
walk,-754,103,575
walk,-751,103,575
walk,-747,103,575
walk,-744,103,575
walk,-740,102,575
walk,-737,102,575
walk,-734,102,575
walk,-731,102,575
walk,-727,102,575
walk,-724,102,575
walk,-721,102,575
walk,-718,102,575
walk,-714,101,575
walk,-711,101,575
walk,-707,101,575
walk,-704,101,575
walk,-700,101,575
walk,-697,101,575
walk,-694,101,575
walk,-690,101,575
walk,-687,101,573
walk,-683,101,565
walk,-680,100,556
walk,-676,100,560
walk,-673,100,560
walk,-670,100,560
walk,-666,100,560
walk,-663,100,559
walk,-660,99,559
walk,-656,99,559
walk,-653,99,559
walk,-650,99,559
walk,-647,99,558
walk,-643,99,558
walk,-640,98,559
walk,-634,98,559
walk,-630,98,558
walk,-627,98,558
walk,-623,98,558
walk,-620,98,559
walk,-617,98,560
walk,-613,98,562
walk,-610,98,565
walk,-606,98,569
walk,-603,98,574
walk,-599,98,578
walk,-596,97,583
walk,-593,97,589
walk,-589,97,595
walk,-586,97,602
walk,-582,97,611
walk,-579,97,619
walk,-576,96,627
walk,-573,96,634
walk,-569,96,641
walk,-566,96,648
walk,-563,95,654
walk,-559,95,659
walk,-556,95,664
walk,-553,94,668
walk,-550,94,672
walk,-546,93,676
walk,-543,93,679
walk,-540,93,681
walk,-537,92,683
walk,-534,92,684
walk,-530,91,685
walk,-527,91,685
walk,-524,90,687
walk,-520,90,691
walk,-517,89,694
walk,-513,89,696
walk,-510,88,698
walk,-507,88,700
walk,-503,88,703
walk,-500,87,706
walk,-497,87,709
walk,-494,86,709
walk,-490,86,709
walk,-487,85,710
walk,-483,85,709
walk,-480,84,708
walk,-476,84,706
walk,-473,83,704
walk,-469,83,701
walk,-466,82,698
walk,-463,82,694
walk,-460,81,690
walk,-457,81,685
walk,-453,80,679
walk,-450,80,671
walk,-447,79,664
walk,-443,79,655
walk,-440,78,646
walk,-436,78,637
walk,-433,77,629
walk,-430,77,620
walk,-426,76,613
walk,-423,76,605
walk,-420,75,598
walk,-417,74,593
walk,-414,74,587
walk,-410,73,582
walk,-407,73,577
walk,-404,72,572
walk,-400,71,568
walk,-397,71,562
walk,-393,70,556
walk,-392,70,554
walk,-390,69,546
walk,-386,69,537
walk,-383,68,526
walk,-382,68,520
walk,-379,68,508
walk,-376,67,494
walk,-373,66,479
walk,-372,66,475
walk,-368,66,462
walk,-365,65,448
walk,-362,64,435
walk,-358,64,422
walk,-357,64,416
walk,-354,63,407
walk,-351,63,396
walk,-348,62,386
walk,-344,62,376
walk,-341,61,366
walk,-338,61,357
walk,-335,60,349
walk,-331,60,339
walk,-329,60,330
walk,-326,59,321
walk,-323,59,309
walk,-320,58,295
walk,-317,58,282
walk,-313,57,269
walk,-310,57,255
walk,-307,57,245
walk,-304,56,237
walk,-301,56,231
walk,-298,56,225
walk,-294,55,219
walk,-291,55,210
walk,-287,54,200
walk,-284,54,190
walk,-283,54,187
walk,-283,54,184
walk,-279,53,177
walk,-276,53,167
walk,-273,52,160
walk,-269,52,152
walk,-266,51,146
walk,-262,51,141
walk,-259,50,136
walk,-256,50,131
walk,-252,50,126
walk,-249,49,123
walk,-246,49,121
walk,-242,49,120
walk,-239,49,120
walk,-235,48,120
walk,-232,48,118
walk,-228,48,112
walk,-225,48,104
walk,-221,48,97
walk,-221,47,95
walk,-220,47,90
walk,-216,47,83
walk,-215,47,79
walk,-212,47,69
walk,-211,47,66
walk,-208,47,56
walk,-207,47,53
walk,-206,47,50
walk,-203,47,41
walk,-199,47,32
walk,-196,47,24
walk,-193,47,16
walk,-189,47,12
walk,-186,47,12
walk,-182,47,12
walk,-179,47,12
walk,-176,47,12
walk,-173,47,12
walk,-169,47,12
walk,-166,47,12
walk,-162,47,12
walk,-159,47,12
walk,-155,47,12
walk,-152,47,12
walk,-149,47,12
walk,-145,46,12
walk,-141,46,12
walk,-138,46,12
walk,-135,46,12
walk,-132,46,12
walk,-128,46,12
walk,-124,46,12
walk,-121,46,12
walk,-118,46,12
walk,-115,46,12
walk,-111,46,12
walk,-108,46,12
walk,-105,46,12
walk,-101,46,12
walk,-98,46,12
walk,-95,46,12
walk,-91,46,12
walk,-88,46,12
walk,-84,46,12
walk,-81,46,11
walk,-78,45,13
walk,-75,45,12
walk,-71,45,11
walk,-68,45,11
walk,-64,45,11
walk,-61,44,11
walk,-57,44,13
walk,-56,44,16
walk,-55,44,21
walk,-54,44,26
walk,-51,44,28
walk,-49,44,42
walk,-48,44,46
walk,-45,44,62
walk,-44,44,69
walk,-42,44,85
walk,-41,44,88
walk,-38,44,105
walk,-37,44,109
walk,-34,44,128
walk,-31,44,147
walk,-28,44,147
walk,-27,44,147
walk,-26,44,147
walk,-24,45,155
walk,-23,45,161
walk,-20,45,177
walk,-19,45,184
walk,-18,45,190
walk,-15,45,206
walk,-12,46,225
walk,-10,47,243
walk,-7,48,244
walk,-4,49,244
walk,0,50,244
walk,2,50,244
walk,5,51,243
walk,9,51,243
walk,12,51,243
walk,16,50,243
walk,19,49,243
walk,22,48,243
walk,25,47,243
walk,28,46,243
walk,32,45,243
walk,35,44,243
walk,38,44,243
walk,42,43,243
walk,45,42,243
walk,49,42,243
walk,52,41,243
walk,55,40,245
walk,59,40,247
walk,63,39,249
walk,66,38,246
walk,69,38,243
walk,72,37,244
walk,75,36,244
walk,78,35,244
walk,81,34,244
walk,84,33,244
walk,87,32,244
walk,91,30,244
walk,93,29,244
walk,96,28,244
walk,100,26,244
walk,102,26,244
walk,106,26,244
walk,109,26,244
walk,112,27,244
walk,116,28,244
walk,119,29,244
walk,122,30,244
walk,125,31,244
walk,128,32,244
walk,131,34,244
walk,133,36,244
walk,135,38,244
walk,138,41,244
walk,140,43,244
walk,143,44,244
walk,146,45,244
walk,149,46,244
walk,153,46,244
walk,156,46,244
walk,160,46,244
walk,163,46,244
walk,166,46,243
walk,169,46,243
walk,173,46,243
walk,176,46,243
walk,180,46,243
walk,183,46,243
walk,186,46,243
walk,190,47,243
walk,193,47,243
walk,196,47,243
walk,200,47,243
walk,203,47,243
walk,206,47,243
walk,209,47,243
walk,212,47,243
walk,215,46,243
walk,219,46,243
walk,222,46,243
walk,226,46,243
walk,229,46,244
walk,232,46,244
walk,236,46,244
walk,237,46,244
walk,240,46,244
walk,243,47,236
walk,245,47,218
walk,248,47,202
walk,251,47,186
walk,254,47,167
walk,258,47,149
walk,261,47,147
walk,264,47,147
walk,264,47,140
walk,267,47,123
walk,270,47,107
walk,272,47,91
walk,275,47,75
walk,278,47,58
walk,281,47,39
walk,284,47,27
walk,288,47,23
walk,291,47,13
walk,294,47,11
walk,298,47,11
walk,301,47,11
walk,304,47,11
walk,308,47,11
walk,312,47,11
walk,315,47,11
walk,319,47,13
walk,322,47,13
walk,326,47,10
walk,329,47,11
walk,332,47,11
walk,335,47,11
walk,339,47,11
walk,342,47,11
walk,345,47,11
walk,349,47,11
walk,352,47,11
walk,356,47,11
walk,359,47,11
walk,362,47,11
walk,366,47,11
walk,369,47,11
walk,373,48,11
walk,376,48,11
walk,380,48,11
walk,383,48,11
walk,386,48,11
walk,390,48,11
walk,394,48,11
walk,397,48,11
walk,400,48,11
walk,404,48,11
walk,407,48,11
walk,411,48,11
walk,414,48,11
walk,417,48,11
walk,421,48,11
walk,424,48,11
walk,427,48,11
walk,431,48,11
walk,434,48,11
walk,438,48,8
walk,441,48,7
walk,444,48,5
walk,448,48,4
walk,451,48,2
walk,454,48,1
walk,458,48,1
walk,461,48,0
walk,465,48,0
walk,468,48,1
walk,471,48,2
walk,474,48,3
walk,478,48,4
walk,481,48,5
walk,485,48,5
walk,488,48,6
walk,491,48,6
walk,495,48,5
walk,498,49,5
walk,502,49,5
walk,506,50,5
walk,509,51,4
walk,512,52,4
walk,515,53,3
walk,519,54,2
walk,522,55,3
walk,525,56,4
walk,528,57,5
walk,531,57,5
walk,534,58,5
walk,538,58,4
walk,541,58,3
walk,544,58,2
walk,548,58,1
walk,551,58,2
walk,554,58,2
walk,557,57,3
walk,561,57,4
walk,564,57,6
walk,568,57,8
walk,571,57,10
walk,575,57,14
walk,578,57,17
walk,582,57,20
walk,585,56,24
walk,588,56,27
walk,592,56,29
walk,595,56,31
walk,599,56,33
walk,602,56,35
walk,606,56,36
walk,609,56,37
walk,612,55,39
walk,616,55,40
walk,619,55,41
walk,622,55,43
walk,626,55,44
walk,629,55,45
walk,630,55,47
walk,633,55,53
walk,636,54,64
walk,639,54,84
walk,642,54,100
walk,645,54,102
walk,648,54,89
walk,651,54,70
walk,654,54,49
walk,658,54,34
walk,661,54,28
walk,664,53,23
walk,668,53,19
walk,671,53,17
walk,674,52,16
walk,677,51,16
walk,681,51,18
walk,684,50,20
walk,687,49,21
walk,691,48,22
walk,695,47,22
walk,698,46,21
walk,702,46,19
walk,705,45,18
walk,708,44,16
walk,712,43,14
walk,715,42,15
walk,718,41,14
walk,722,41,13
walk,725,40,11
walk,728,39,7
walk,731,38,4
walk,734,37,1
walk,738,37,-1
walk,741,36,-4
walk,745,35,-7
walk,748,34,-9
walk,752,33,-11
walk,755,32,-12
walk,758,32,-13
walk,762,31,-13
walk,765,30,-14
walk,768,29,-14
walk,772,28,-14
walk,775,27,-15
walk,778,27,-17
walk,781,26,-18
walk,785,25,-18
walk,788,24,-17
walk,791,23,-16
walk,794,22,-16
walk,798,22,-16
walk,801,21,-16
walk,805,20,-17
walk,808,19,-19
walk,811,18,-20
walk,814,18,-21
walk,817,17,-22
walk,821,16,-22
walk,824,15,-22
walk,827,14,-22
walk,830,14,-21
walk,833,13,-21
walk,837,12,-21
walk,840,11,-23
walk,843,10,-23
walk,847,10,-24
walk,850,9,-24
walk,853,8,-24
walk,857,8,-24
walk,860,7,-25
walk,863,7,-25
walk,867,7,-25
walk,871,7,-25
walk,874,6,-24
walk,877,6,-23
walk,881,7,-22
walk,884,7,-22
walk,887,8,-23
walk,890,9,-24
walk,894,10,-25
walk,897,10,-26
walk,900,11,-27
walk,903,12,-27
walk,906,13,-27
walk,910,13,-27
walk,913,13,-28
walk,916,12,-28
walk,919,11,-27
walk,922,10,-27
walk,925,9,-27
walk,929,8,-28
walk,932,7,-29
walk,935,6,-29
walk,938,5,-28
walk,941,4,-27
walk,945,2,-27
walk,947,1,-26
walk,951,0,-26
walk,954,0,-26
walk,957,-1,-25
walk,960,-2,-24
walk,963,-4,-22
walk,966,-5,-20
walk,969,-6,-19
walk,972,-7,-17
walk,976,-8,-15
walk,978,-9,-15
walk,982,-10,-15
walk,985,-12,-17
walk,988,-13,-17
walk,991,-14,-17
walk,994,-15,-18
walk,997,-16,-19
walk,1001,-17,-19
walk,1004,-19,-19
walk,1007,-20,-19
walk,1010,-22,-19
walk,1013,-23,-19
walk,1016,-25,-19
walk,1019,-26,-20
walk,1022,-28,-20
walk,1025,-30,-20
walk,1027,-31,-21
walk,1030,-33,-21
walk,1033,-34,-21
walk,1036,-36,-22
walk,1039,-38,-23
walk,1042,-40,-23
walk,1045,-41,-23
walk,1048,-43,-23
walk,1051,-44,-24
walk,1054,-46,-24
walk,1057,-48,-25
walk,1059,-49,-26
walk,1062,-51,-28
walk,1065,-53,-30
walk,1068,-55,-30
wait,5000
teleport,Boat Ticket Seller Rahan,Boat Ticket Seller Salmai
wait,5000
walk,1601,-14,-22
walk,1604,-16,-23
walk,1606,-18,-22
walk,1609,-20,-20
walk,1612,-23,-19
walk,1614,-25,-18
walk,1617,-27,-16
walk,1620,-29,-15
walk,1623,-31,-14
walk,1625,-33,-14
walk,1628,-35,-14
walk,1630,-37,-14
walk,1633,-39,-13
walk,1636,-41,-13
walk,1638,-43,-13
walk,1641,-45,-12
walk,1644,-47,-12
walk,1647,-48,-12
walk,1651,-48,-12
walk,1654,-48,-11
walk,1657,-47,-10
walk,1660,-46,-8
walk,1663,-46,-5
walk,1666,-45,0
walk,1669,-44,3
walk,1673,-43,6
walk,1676,-41,12
walk,1679,-40,17
walk,1682,-39,21
walk,1685,-38,24
walk,1688,-37,27
walk,1692,-36,27
walk,1695,-35,25
walk,1698,-34,23
walk,1701,-32,20
walk,1704,-31,19
walk,1707,-30,19
walk,1711,-29,20
walk,1713,-28,20
walk,1717,-27,21
walk,1720,-26,22
walk,1723,-25,25
walk,1726,-23,29
walk,1730,-22,33
walk,1733,-21,37
walk,1736,-20,39
walk,1739,-18,40
walk,1742,-17,42
walk,1745,-15,43
walk,1747,-12,46
walk,1750,-10,49
walk,1752,-8,52
walk,1755,-6,56
walk,1757,-4,59
walk,1760,-2,63
walk,1763,0,67
walk,1765,2,70
walk,1768,4,74
walk,1770,6,77
walk,1772,8,79
walk,1775,10,81
walk,1777,13,83
walk,1780,15,84
walk,1782,17,85
walk,1785,20,85
walk,1788,22,85
walk,1790,24,85
walk,1793,26,85
walk,1795,29,84
walk,1798,31,84
walk,1800,33,84
walk,1803,35,84
walk,1805,37,83
walk,1808,40,83
walk,1810,42,83
walk,1813,44,82
walk,1815,46,82
walk,1818,48,82
walk,1820,50,81
walk,1823,53,80
walk,1826,55,79
walk,1828,57,77
walk,1831,60,76
walk,1834,62,73
walk,1836,64,71
walk,1839,67,68
walk,1841,69,65
walk,1844,71,61
walk,1846,73,57
walk,1849,76,53
walk,1852,78,49
walk,1854,80,45
walk,1857,83,41
walk,1859,85,37
walk,1861,88,33
walk,1861,91,30
walk,1862,94,28
walk,1862,98,28
walk,1862,101,31
walk,1862,104,34
walk,1862,107,36
walk,1862,111,37
walk,1862,114,37
walk,1862,118,35
walk,1862,121,33
walk,1862,124,30
walk,1862,127,26
walk,1861,131,22
walk,1861,135,19
walk,1861,138,18
walk,1861,141,17
walk,1861,145,17
walk,1861,148,17
walk,1860,152,17
walk,1860,155,17
walk,1860,158,17
walk,1860,162,17
walk,1860,165,17
walk,1860,168,17
walk,1859,172,17
walk,1859,175,17
walk,1859,178,17
walk,1858,182,17
walk,1858,185,16
walk,1858,188,15
walk,1858,192,15
walk,1857,195,15
walk,1857,198,15
walk,1857,202,15
walk,1857,206,15
walk,1857,209,15
walk,1856,212,16
walk,1856,216,16
walk,1856,219,15
walk,1856,223,13
walk,1856,226,10
walk,1855,230,5
walk,1855,233,1
walk,1855,236,0
walk,1855,240,-1
walk,1855,243,-1
walk,1854,247,0
walk,1854,250,0
walk,1854,254,3
walk,1853,257,2
walk,1853,260,1
walk,1852,264,2
walk,1851,267,3
walk,1851,270,3
walk,1850,274,3
walk,1849,277,1
walk,1848,280,-2
walk,1847,283,-7
walk,1846,287,-12
walk,1845,290,-18
walk,1845,293,-20
walk,1844,297,-21
walk,1843,300,-21
walk,1842,304,-20
walk,1841,307,-20
walk,1840,310,-21
walk,1839,313,-21
walk,1839,316,-21
walk,1838,320,-22
walk,1838,323,-22
walk,1838,326,-23
walk,1839,329,-24
walk,1839,332,-26
walk,1840,336,-29
walk,1842,339,-33
walk,1843,342,-37
walk,1844,345,-40
walk,1845,348,-42
walk,1846,352,-42
walk,1847,355,-42
walk,1849,358,-41
walk,1850,361,-39
walk,1851,364,-39
walk,1852,368,-39
walk,1853,371,-40
walk,1855,374,-41
walk,1856,377,-42
walk,1857,380,-42
walk,1858,383,-42
walk,1859,387,-40
walk,1861,390,-39
walk,1862,393,-37
walk,1863,396,-35
walk,1864,399,-34
walk,1866,403,-34
walk,1867,406,-36
walk,1868,409,-38
walk,1869,412,-41
walk,1870,415,-44
walk,1871,418,-45
walk,1873,422,-46
walk,1874,425,-47
walk,1875,428,-46
walk,1876,431,-45
walk,1878,434,-44
walk,1879,437,-43
walk,1881,440,-44
walk,1883,443,-46
walk,1884,446,-49
walk,1886,449,-51
walk,1888,452,-52
walk,1890,454,-52
walk,1891,457,-52
walk,1893,460,-52
walk,1895,463,-52
walk,1897,466,-52
walk,1899,468,-53
walk,1900,471,-54
walk,1902,474,-56
walk,1904,477,-57
walk,1906,480,-57
walk,1908,483,-58
walk,1910,486,-58
walk,1911,490,-59
walk,1912,492,-61
walk,1914,495,-65
walk,1915,499,-71
walk,1916,502,-75
walk,1917,505,-77
walk,1918,508,-78
walk,1919,511,-79
walk,1921,514,-80
walk,1924,516,-81
walk,1927,517,-82
walk,1930,519,-84
walk,1933,520,-85
walk,1936,521,-86
walk,1940,522,-88
walk,1943,523,-90
walk,1946,523,-94
walk,1950,524,-96
walk,1953,525,-98
walk,1956,526,-98
walk,1960,527,-97
walk,1963,527,-95
walk,1967,528,-93
walk,1970,529,-90
walk,1974,530,-87
walk,1977,530,-85
walk,1980,531,-82
walk,1983,532,-80
walk,1987,533,-76
walk,1990,533,-72
walk,1993,534,-69
walk,1996,535,-66
walk,1999,536,-62
walk,2003,536,-58
walk,2006,537,-54
walk,2009,538,-47
walk,2013,539,-44
walk,2016,539,-41
walk,2019,540,-40
walk,2023,541,-40
walk,2026,542,-37
walk,2030,542,-33
walk,2033,543,-26
walk,2036,544,-20
walk,2039,544,-22
walk,2043,545,-19
walk,2046,546,-15
walk,2049,547,-16
walk,2052,547,-20
walk,2055,548,-23
walk,2059,549,-24
walk,2062,550,-25
walk,2065,550,-25
walk,2068,551,-26
walk,2072,552,-27
walk,2076,553,-29
walk,2079,553,-29
walk,2082,554,-28
walk,2086,555,-25
walk,2089,556,-22
walk,2092,556,-20
walk,2095,557,-19
walk,2099,558,-17
walk,2102,559,-16
walk,2105,559,-15
walk,2109,560,-15
walk,2112,561,-15
walk,2115,562,-16
walk,2118,562,-17
walk,2122,563,-18
walk,2125,564,-20
walk,2129,565,-21
walk,2132,565,-22
walk,2135,566,-23
walk,2139,567,-24
walk,2142,568,-25
walk,2146,568,-26
walk,2149,569,-28
walk,2152,570,-31
walk,2156,571,-36
walk,2159,571,-41
walk,2162,572,-45
walk,2166,573,-47
walk,2169,574,-49
walk,2172,574,-50
walk,2175,575,-51
walk,2179,576,-52
walk,2182,577,-55
walk,2185,577,-58
walk,2189,578,-62
walk,2192,579,-66
walk,2195,580,-71
walk,2198,580,-77
walk,2202,581,-83
walk,2205,582,-90
walk,2208,583,-96
walk,2211,583,-100
walk,2214,584,-105
walk,2218,585,-108
walk,2221,585,-110
walk,2224,586,-111
walk,2228,587,-112
walk,2231,588,-114
walk,2234,588,-116
walk,2237,589,-119
walk,2241,590,-124
walk,2244,591,-128
walk,2247,591,-132
walk,2251,592,-136
walk,2254,593,-139
walk,2257,594,-140
walk,2261,594,-141
walk,2264,595,-140
walk,2267,596,-139
walk,2271,597,-141
walk,2274,597,-141
walk,2278,598,-141
walk,2281,599,-141
walk,2284,600,-142
walk,2287,600,-142
walk,2291,601,-143
walk,2294,602,-144
walk,2298,603,-146
walk,2301,605,-149
walk,2303,607,-151
walk,2306,609,-153
walk,2308,611,-154
walk,2311,613,-156
walk,2313,615,-159
walk,2315,618,-163
walk,2318,620,-168
walk,2320,623,-174
walk,2323,625,-178
walk,2325,628,-183
walk,2328,630,-186
walk,2330,632,-189
walk,2332,635,-191
walk,2335,637,-195
walk,2337,639,-199
walk,2340,642,-205
walk,2342,644,-210
walk,2344,646,-214
walk,2347,649,-216
walk,2349,651,-222
walk,2352,654,-230
walk,2354,656,-236
walk,2356,658,-238
walk,2359,661,-239
walk,2361,663,-238
walk,2364,666,-236
walk,2366,668,-231
walk,2368,670,-224
walk,2371,673,-224
walk,2373,675,-224
walk,2376,678,-224
walk,2378,680,-224
walk,2381,682,-224
walk,2383,685,-224
walk,2385,687,-224
walk,2387,689,-224
walk,2390,692,-223
walk,2392,694,-222
walk,2395,696,-219
walk,2397,699,-218
walk,2399,701,-217
walk,2401,704,-215
walk,2403,707,-212
walk,2405,710,-211
walk,2407,713,-206
walk,2408,716,-204
walk,2409,719,-202
walk,2411,722,-201
walk,2412,725,-200
walk,2414,728,-199
walk,2415,732,-198
walk,2416,735,-198
walk,2418,738,-197
walk,2419,741,-197
walk,2421,744,-197
walk,2422,747,-197
walk,2423,750,-197
walk,2425,753,-197
walk,2426,756,-197
walk,2427,759,-198
walk,2429,762,-200
walk,2430,766,-200
walk,2431,769,-200
walk,2433,772,-200
walk,2434,775,-199
walk,2435,778,-199
walk,2437,781,-200
walk,2438,784,-201
walk,2440,788,-203
walk,2441,791,-205
walk,2442,794,-208
walk,2444,797,-210
walk,2445,800,-212
walk,2446,803,-217
walk,2447,806,-221
walk,2449,809,-225
walk,2450,812,-227
walk,2452,815,-229
walk,2453,818,-232
walk,2454,822,-237
walk,2456,825,-240
walk,2457,828,-246
walk,2458,831,-251
walk,2460,834,-254
walk,2461,837,-257
walk,2462,840,-259
walk,2464,843,-260
walk,2465,846,-261
walk,2467,850,-263
walk,2468,853,-266
walk,2469,856,-268
walk,2471,859,-270
walk,2472,862,-273
walk,2473,865,-276
walk,2475,868,-282
walk,2476,872,-288
walk,2477,875,-290
walk,2479,878,-292
walk,2480,881,-297
walk,2481,884,-297
walk,2483,887,-296
walk,2484,890,-296
walk,2485,893,-297
walk,2487,896,-297
walk,2488,899,-298
walk,2489,902,-300
walk,2491,905,-302
walk,2492,908,-302
walk,2493,911,-303
walk,2495,914,-303
walk,2496,917,-303
walk,2497,920,-303
walk,2499,923,-304
walk,2500,926,-306
walk,2501,929,-308
walk,2503,933,-308
walk,2504,936,-309
walk,2505,939,-308
walk,2506,942,-305
walk,2508,945,-302
walk,2509,948,-303
walk,2510,951,-305
walk,2512,954,-303
walk,2513,957,-302
walk,2515,960,-301
walk,2516,963,-298
walk,2517,966,-295
walk,2518,969,-292
walk,2520,972,-287
walk,2521,975,-284
walk,2522,978,-282
walk,2524,981,-280
walk,2525,984,-279
walk,2526,987,-278
walk,2528,990,-277
walk,2529,993,-276
walk,2530,996,-275
walk,2532,1000,-274
walk,2533,1003,-272
walk,2534,1006,-268
walk,2536,1009,-264
walk,2537,1012,-260
walk,2538,1015,-256
walk,2540,1018,-251
walk,2541,1021,-246
walk,2542,1024,-241
walk,2544,1028,-235
walk,2545,1031,-230
walk,2546,1034,-226
walk,2546,1037,-224
walk,2547,1041,-219
walk,2548,1044,-212
walk,2548,1047,-204
walk,2549,1051,-195
walk,2549,1054,-187
walk,2550,1057,-179
walk,2550,1060,-171
walk,2551,1064,-164
walk,2552,1067,-157
walk,2552,1070,-149
walk,2553,1074,-142
walk,2553,1074,-139
walk,2553,1078,-131
walk,2554,1081,-120
walk,2554,1084,-110
walk,2555,1087,-98
walk,2555,1090,-88
walk,2556,1093,-77
walk,2556,1096,-65
walk,2557,1100,-55
walk,2558,1103,-42
walk,2558,1106,-32
walk,2559,1109,-21
walk,2560,1113,-11
walk,2561,1116,-1
walk,2561,1119,5
walk,2562,1122,13
walk,2563,1125,19
walk,2564,1128,25
walk,2565,1132,32
walk,2566,1135,38
walk,2567,1138,43
walk,2568,1141,48
walk,2570,1144,52
walk,2572,1147,56
walk,2573,1149,60
walk,2575,1152,64
walk,2577,1155,68
walk,2579,1157,70
walk,2581,1160,73
walk,2583,1163,75
walk,2585,1166,77
walk,2587,1169,78
walk,2589,1171,79
walk,2591,1174,79
walk,2593,1177,79
walk,2595,1179,78
walk,2597,1182,76
walk,2599,1185,74
walk,2601,1188,72
walk,2603,1191,69
walk,2605,1193,65
walk,2607,1196,62
walk,2609,1199,58
walk,2611,1201,54
walk,2613,1204,49
walk,2616,1206,44
walk,2618,1209,37
walk,2620,1211,30
walk,2623,1213,24
walk,2625,1215,18
walk,2628,1217,14
walk,2631,1220,9
walk,2633,1222,5
walk,2636,1224,3
walk,2638,1226,3
walk,2641,1228,2
walk,2644,1230,2
walk,2647,1233,2
walk,2649,1235,2
walk,2652,1237,2
walk,2654,1239,2
walk,2657,1241,2
walk,2659,1243,2
walk,2662,1245,2
walk,2665,1248,2
walk,2667,1250,2
walk,2670,1252,2
walk,2673,1254,2
walk,2675,1256,2
walk,2678,1258,2
walk,2680,1261,2
walk,2683,1263,2
walk,2686,1265,2
walk,2688,1267,2
walk,2692,1269,2
walk,2695,1270,2
walk,2698,1271,2
walk,2702,1271,2
walk,2705,1272,1
walk,2708,1272,1
walk,2712,1273,1
walk,2715,1273,1
walk,2719,1273,0
walk,2722,1274,0
walk,2725,1274,4
walk,2729,1274,11
walk,2732,1274,14
walk,2736,1275,15
walk,2739,1275,15
walk,2742,1275,13
walk,2745,1276,12
walk,2749,1276,14
walk,2752,1276,17
walk,2755,1276,19
walk,2759,1277,20
walk,2762,1277,18
walk,2766,1277,14
walk,2769,1278,2
walk,2772,1278,-12
walk,2776,1278,-19
walk,2779,1278,-21
walk,2782,1279,-21
walk,2786,1279,-21
walk,2789,1279,-21
walk,2792,1280,-21
walk,2796,1281,-22
walk,2799,1282,-23
walk,2802,1283,-27
walk,2805,1284,-28
walk,2808,1285,-31
walk,2812,1286,-33
walk,2814,1288,-34
walk,2818,1289,-35
walk,2821,1290,-36
walk,2824,1291,-36
walk,2827,1293,-35
walk,2830,1294,-32
walk,2833,1295,-26
walk,2835,1296,-13
walk,2838,1298,1
walk,2841,1299,13
walk,2845,1300,16
walk,2847,1301,19
walk,2851,1303,21
walk,2854,1304,22
walk,2857,1305,23
walk,2860,1307,23
walk,2863,1308,21
walk,2866,1309,13
walk,2869,1310,3
walk,2872,1312,-11
walk,2875,1313,-27
walk,2878,1314,-38
walk,2881,1315,-46
walk,2885,1317,-50
walk,2888,1318,-52
walk,2891,1318,-54
walk,2894,1318,-54
walk,2897,1318,-55
walk,2900,1318,-55
walk,2904,1318,-56
walk,2907,1319,-57
walk,2910,1319,-58
walk,2913,1320,-59
walk,2916,1322,-61
walk,2919,1323,-62
walk,2922,1324,-63
walk,2925,1325,-63
walk,2929,1326,-64
walk,2932,1328,-64
walk,2935,1329,-64
walk,2938,1330,-64
walk,2942,1332,-65
walk,2945,1333,-65
walk,2948,1334,-67
walk,2951,1336,-67
walk,2954,1337,-66
walk,2957,1338,-66
walk,2961,1340,-66
walk,2964,1341,-66
walk,2967,1342,-66
walk,2970,1344,-66
walk,2973,1345,-65
walk,2976,1346,-65
walk,2979,1347,-61
walk,2982,1348,-51
walk,2985,1350,-37
walk,2988,1351,-26
walk,2991,1352,-22
walk,2994,1353,-22
walk,2997,1355,-22
walk,3001,1356,-21
walk,3002,1357,-17
walk,3004,1358,-12
walk,3007,1359,0
walk,3010,1360,10
walk,3013,1361,17
walk,3016,1362,19
walk,3019,1364,19
walk,3023,1365,16
walk,3026,1367,11
walk,3029,1368,7
walk,3032,1369,2
walk,3035,1370,0
walk,3038,1372,0
walk,3041,1373,-1
walk,3044,1374,-9
walk,3047,1375,-21
walk,3050,1377,-28
walk,3053,1378,-29
walk,3056,1379,-26
walk,3060,1381,-17
walk,3063,1382,-9
walk,3066,1383,-3
walk,3069,1384,0
walk,3072,1386,0
walk,3075,1387,0
walk,3078,1388,-1
walk,3081,1389,-2
walk,3084,1390,-4
walk,3087,1391,-5
walk,3091,1392,-7
walk,3094,1393,-8
walk,3097,1394,-10
walk,3101,1395,-11
walk,3104,1395,-12
walk,3107,1396,-12
walk,3110,1397,-12
walk,3114,1398,-13
walk,3117,1399,-14
walk,3120,1400,-15
walk,3123,1401,-16
walk,3127,1402,-16
walk,3130,1403,-16
walk,3133,1404,-17
walk,3136,1405,-17
walk,3140,1406,-16
walk,3143,1407,-15
walk,3146,1408,-13
walk,3149,1409,-11
walk,3152,1410,-10
walk,3156,1411,-9
walk,3159,1412,-9
walk,3162,1413,-9
walk,3165,1414,-7
walk,3168,1415,-5
walk,3172,1416,-5
walk,3175,1417,-6
walk,3178,1418,-4
walk,3182,1419,-3
walk,3185,1420,-3
walk,3188,1421,-2
walk,3191,1422,-3
walk,3194,1423,-2
walk,3197,1424,0
walk,3201,1425,0
walk,3204,1426,2
walk,3207,1427,2
walk,3211,1428,3
walk,3214,1429,4
walk,3217,1430,4
walk,3220,1431,3
walk,3223,1432,4
walk,3227,1433,4
walk,3230,1434,4
walk,3233,1435,6
walk,3236,1436,7
walk,3239,1437,6
walk,3242,1438,2
walk,3246,1439,1
walk,3249,1440,2
walk,3252,1440,2
walk,3256,1440,1
walk,3259,1440,0
walk,3263,1440,0
walk,3266,1439,1
walk,3269,1439,0
walk,3273,1439,0
walk,3276,1438,0
walk,3279,1438,0
walk,3283,1438,0
walk,3286,1437,0
walk,3290,1437,0
walk,3293,1437,0
walk,3296,1436,0
walk,3300,1436,0
walk,3303,1435,0
walk,3306,1435,0
walk,3310,1435,0
walk,3313,1434,0
walk,3316,1434,0
walk,3320,1433,0
walk,3323,1432,0
walk,3326,1431,0
walk,3329,1429,0
walk,3332,1427,0
walk,3335,1425,0
walk,3337,1423,0
walk,3340,1421,0
walk,3343,1419,0
walk,3345,1417,0
walk,3348,1415,0
walk,3350,1413,0
walk,3353,1410,0
walk,3356,1408,0
walk,3359,1406,0
walk,3361,1404,0
walk,3364,1402,0
walk,3367,1400,0
walk,3369,1397,0
walk,3372,1395,0
walk,3375,1393,0
walk,3377,1391,0
walk,3380,1389,0
walk,3383,1387,0
walk,3386,1386,0
walk,3389,1385,0
walk,3392,1384,0
walk,3395,1383,0
walk,3399,1382,0
walk,3402,1381,0
walk,3405,1381,0
walk,3408,1380,0
walk,3412,1380,0
walk,3415,1379,0
walk,3418,1378,0
walk,3421,1376,0
walk,3424,1374,0
walk,3426,1372,0
walk,3429,1370,1
walk,3431,1368,2
walk,3434,1366,4
walk,3436,1364,5
walk,3439,1361,6
walk,3441,1359,7
walk,3444,1357,8
walk,3446,1355,8
walk,3449,1353,9
walk,3451,1351,10
walk,3454,1348,11
walk,3457,1346,12
walk,3460,1344,14
walk,3462,1341,15
walk,3465,1339,16
walk,3467,1337,15
walk,3470,1335,14
walk,3472,1333,14
walk,3475,1330,13
walk,3477,1328,12
walk,3480,1326,11
walk,3482,1324,11
walk,3485,1322,10
walk,3487,1319,10
walk,3490,1317,11
walk,3493,1315,11
walk,3495,1312,12
walk,3498,1310,12
walk,3500,1308,12
walk,3503,1306,11
walk,3506,1304,11
walk,3508,1301,11
walk,3511,1299,10
walk,3513,1297,8
walk,3516,1295,7
walk,3518,1293,5
walk,3521,1290,3
walk,3523,1288,2
walk,3526,1286,1
walk,3529,1284,1
walk,3531,1281,1
walk,3534,1279,1
walk,3536,1277,2
walk,3539,1275,2
walk,3541,1273,3
walk,3544,1271,3
walk,3546,1269,3
walk,3549,1268,3
walk,3552,1267,3
walk,3556,1267,2
walk,3559,1266,1
walk,3563,1265,0
walk,3566,1265,0
walk,3569,1264,0
walk,3572,1264,0
walk,3576,1264,0
walk,3579,1263,0
walk,3583,1263,0
walk,3586,1262,0
walk,3590,1262,0
walk,3593,1262,0
walk,3596,1261,0
walk,3599,1261,0
walk,3603,1260,0
walk,3606,1260,0
walk,3610,1260,0
walk,3613,1260,0
walk,3616,1260,0
walk,3620,1260,0
walk,3623,1261,0
walk,3626,1261,0
walk,3629,1259,0
walk,3632,1258,0
walk,3635,1256,0
walk,3638,1254,0
walk,3640,1252,0
walk,3644,1252,0
walk,3648,1252,0
walk,3651,1252,0
walk,3654,1253,0
walk,3657,1254,0
walk,3660,1255,0
walk,3663,1257,0
walk,3666,1258,0
walk,3670,1259,0
walk,3673,1260,0
walk,3676,1262,0
walk,3679,1263,0
walk,3682,1264,0
walk,3685,1266,0
walk,3689,1267,0
walk,3692,1268,0
walk,3695,1270,0
walk,3698,1271,0
walk,3701,1272,-1
walk,3705,1274,-3
walk,3708,1275,-6
walk,3711,1276,-9
walk,3714,1278,-12
walk,3717,1279,-14
walk,3721,1281,-14
walk,3724,1282,-13
walk,3727,1283,-10
walk,3730,1284,-7
walk,3733,1286,-3
walk,3736,1287,-3
walk,3740,1289,-4
walk,3743,1290,-4
walk,3746,1291,-6
walk,3749,1293,-8
walk,3752,1294,-10
walk,3755,1295,-11
walk,3759,1297,-11
walk,3762,1298,-10
walk,3765,1299,-9
walk,3768,1301,-11
walk,3771,1302,-10
walk,3774,1303,-9
walk,3777,1305,-8
walk,3780,1306,-8
walk,3783,1307,-8
walk,3787,1309,-6
walk,3790,1310,-5
walk,3793,1311,-3
walk,3796,1313,-2
walk,3800,1314,-2
walk,3803,1316,-1
walk,3806,1317,-3
walk,3809,1318,-7
walk,3812,1320,-10
walk,3815,1321,-14
walk,3818,1322,-15
walk,3821,1324,-17
walk,3825,1325,-18
walk,3828,1326,-18
walk,3831,1328,-18
walk,3834,1329,-16
walk,3837,1330,-17
walk,3840,1331,-17
walk,3843,1333,-15
walk,3846,1334,-13
walk,3849,1335,-9
walk,3852,1337,-5
walk,3855,1338,-2
walk,3858,1339,0
walk,3862,1341,1
walk,3865,1342,0
walk,3868,1344,0
walk,3871,1345,-2
walk,3875,1346,-6
walk,3878,1348,-9
walk,3881,1349,-11
walk,3884,1350,-14
walk,3887,1352,-18
walk,3891,1353,-21
walk,3894,1354,-22
walk,3897,1356,-21
walk,3900,1357,-22
walk,3903,1358,-22
walk,3906,1360,-23
walk,3909,1361,-25
walk,3912,1362,-26
walk,3915,1364,-27
walk,3918,1365,-25
walk,3920,1366,-24
walk,3924,1367,-21
walk,3927,1369,-18
walk,3930,1370,-15
walk,3933,1371,-12
walk,3936,1373,-9
walk,3939,1374,-8
walk,3943,1375,-8
walk,3945,1377,-9
walk,3949,1378,-9
walk,3952,1379,-10
walk,3955,1381,-11
walk,3958,1382,-11
walk,3961,1383,-11
walk,3965,1385,-11
walk,3968,1386,-8
walk,3971,1387,-5
walk,3974,1389,-2
walk,3977,1390,0
walk,3980,1391,3
walk,3983,1392,4
walk,3986,1393,5
walk,3989,1394,6
walk,3993,1395,10
walk,3996,1396,17
walk,4000,1396,24
walk,4003,1397,28
walk,4007,1397,29
walk,4010,1398,29
walk,4013,1398,30
walk,4017,1398,32
walk,4020,1398,35
walk,4022,1396,39
walk,4025,1394,41
walk,4028,1393,44
walk,4030,1391,45
walk,4033,1388,46
walk,4036,1386,47
walk,4038,1384,50
walk,4041,1381,54
walk,4043,1379,57
walk,4045,1377,60
walk,4048,1375,62
walk,4050,1372,62
walk,4053,1370,66
walk,4055,1367,69
walk,4057,1365,71
walk,4060,1363,72
walk,4062,1360,71
walk,4064,1358,72
walk,4066,1355,74
walk,4068,1353,75
walk,4070,1350,75
walk,4072,1347,75
walk,4074,1344,74
walk,4076,1342,73
walk,4078,1339,71
walk,4080,1336,70
walk,4082,1334,69
walk,4084,1331,69
walk,4086,1328,69
walk,4088,1326,69
walk,4090,1323,69
walk,4092,1320,68
walk,4094,1317,68
walk,4096,1315,66
walk,4098,1312,65
walk,4100,1310,63
walk,4101,1307,61
walk,4103,1304,60
walk,4104,1301,58
walk,4105,1297,57
walk,4106,1294,57
walk,4107,1291,57
walk,4108,1288,57
walk,4109,1284,58
walk,4110,1281,58
walk,4110,1278,57
walk,4111,1275,56
walk,4112,1272,55
walk,4112,1268,51
walk,4113,1265,46
walk,4114,1262,43
walk,4114,1258,42
walk,4115,1255,41
walk,4116,1251,40
walk,4117,1248,39
walk,4117,1245,39
walk,4118,1241,39
walk,4119,1238,38
walk,4119,1235,38
walk,4120,1232,39
walk,4121,1228,39
walk,4122,1225,39
walk,4122,1222,39
walk,4122,1218,39
walk,4123,1215,38
walk,4123,1212,38
walk,4123,1208,37
walk,4123,1204,38
walk,4123,1201,37
wait,5000
teleport,Ferry Ticket Seller Hageuk,Ferry Ticket Seller Chau
wait,5000
walk,4468,891,50
walk,4469,888,51
walk,4471,885,52
walk,4472,881,53
walk,4474,878,55
walk,4475,875,57
walk,4477,872,59
walk,4478,869,60
walk,4480,866,62
walk,4481,863,64
walk,4483,860,67
walk,4484,857,71
walk,4485,854,77
walk,4487,851,80
walk,4488,848,83
walk,4490,845,89
walk,4491,842,94
walk,4493,839,98
walk,4494,836,104
walk,4495,833,111
walk,4497,829,116
walk,4497,829,118
walk,4499,826,127
walk,4500,823,140
walk,4502,820,148
walk,4503,816,156
walk,4505,813,171
walk,4506,810,175
walk,4508,807,186
walk,4509,804,196
walk,4511,801,206
walk,4512,798,218
walk,4514,794,225
walk,4515,791,232
walk,4517,788,239
walk,4518,785,246
walk,4519,782,255
walk,4521,779,259
walk,4522,776,267
walk,4524,773,274
walk,4525,770,281
walk,4527,767,289
walk,4528,764,295
walk,4529,761,304
walk,4530,758,309
walk,4530,754,317
walk,4529,751,328
walk,4528,748,336
walk,4526,745,344
walk,4525,742,352
walk,4524,739,356
walk,4522,736,359
walk,4521,732,361
walk,4519,729,363
walk,4518,726,369
walk,4516,723,375
walk,4516,722,374
walk,4514,719,379
walk,4514,718,385
walk,4512,715,398
walk,4511,712,409
walk,4509,709,423
walk,4508,706,436
walk,4506,703,452
walk,4505,700,461
walk,4503,697,471
walk,4502,694,479
walk,4500,691,487
walk,4499,688,498
walk,4497,685,508
walk,4496,682,517
walk,4494,679,522
walk,4492,676,528
walk,4491,673,537
walk,4489,670,543
walk,4488,667,550
walk,4486,664,552
walk,4485,661,562
walk,4483,658,569
walk,4482,655,578
walk,4480,652,587
walk,4478,649,594
walk,4477,646,599
walk,4475,643,602
walk,4474,640,602
walk,4472,637,600
walk,4470,634,597
walk,4469,631,591
walk,4467,627,584
walk,4466,624,579
walk,4464,621,575
walk,4463,618,568
walk,4463,615,563
walk,4463,612,561
walk,4464,609,560
walk,4466,606,560
walk,4467,603,561
walk,4469,600,562
walk,4471,596,564
walk,4472,594,565
walk,4474,590,565
walk,4476,588,565
walk,4478,585,565
walk,4479,582,566
walk,4481,579,567
walk,4483,576,568
walk,4484,574,570
walk,4486,571,572
walk,4488,568,574
walk,4489,565,578
walk,4491,562,583
walk,4493,559,585
walk,4494,557,588
walk,4496,554,589
walk,4498,551,590
walk,4500,548,593
walk,4501,545,596
walk,4503,542,600
walk,4505,539,603
walk,4506,537,605
walk,4508,534,605
walk,4510,531,598
walk,4513,529,595
walk,4516,527,594
walk,4518,526,592
walk,4521,524,592
walk,4525,523,593
walk,4528,521,598
walk,4531,520,605
walk,4534,519,611
walk,4537,518,618
walk,4541,516,622
walk,4544,515,628
walk,4547,514,635
walk,4550,513,641
walk,4553,511,647
walk,4557,510,651
walk,4560,509,655
walk,4563,507,659
walk,4566,506,662
walk,4569,505,665
walk,4572,504,668
walk,4576,502,671
walk,4579,501,675
walk,4582,500,680
walk,4585,498,688
walk,4589,497,695
walk,4592,496,703
walk,4595,495,708
walk,4598,493,713
walk,4601,492,716
walk,4604,491,721
walk,4607,490,727
walk,4611,488,738
walk,4614,487,748
walk,4617,486,758
walk,4620,485,761
walk,4623,483,763
walk,4626,482,766
walk,4629,481,768
walk,4632,480,773
walk,4635,479,774
walk,4638,477,772
walk,4641,476,769
walk,4645,475,769
walk,4648,474,777
walk,4651,472,787
walk,4654,471,795
walk,4657,470,800
walk,4660,469,803
walk,4663,467,808
walk,4666,466,813
walk,4669,465,821
walk,4673,464,830
walk,4676,462,835
walk,4679,461,839
walk,4682,460,842
walk,4685,459,843
walk,4689,457,842
walk,4692,456,839
walk,4695,455,836
walk,4698,453,834
walk,4701,452,835
walk,4705,451,839
walk,4708,450,842
walk,4711,448,843
walk,4714,447,843
walk,4717,446,844
walk,4720,445,848
walk,4723,443,852
walk,4726,442,854
walk,4729,441,855
walk,4733,440,853
walk,4736,439,850
walk,4739,437,847
walk,4742,436,842
walk,4745,435,839
walk,4748,433,838
walk,4751,432,839
walk,4755,431,841
walk,4758,431,843
walk,4761,431,838
walk,4763,433,831
walk,4766,434,825
walk,4769,436,819
walk,4772,438,817
walk,4774,440,822
walk,4777,443,831
walk,4779,445,836
walk,4782,447,836
walk,4784,449,836
walk,4787,451,835
walk,4789,454,834
walk,4792,456,834
walk,4794,458,833
walk,4797,460,832
walk,4799,462,831
walk,4802,464,830
walk,4805,466,829
walk,4808,468,828
walk,4811,469,826
walk,4814,470,825
walk,4817,472,824
walk,4820,473,822
walk,4823,474,820
walk,4826,475,817
walk,4830,477,813
walk,4833,478,809
walk,4836,479,804
walk,4839,480,798
walk,4842,482,792
walk,4845,483,785
walk,4848,484,778
walk,4851,485,772
walk,4854,486,764
walk,4857,487,756
walk,4860,488,748
walk,4863,490,740
walk,4866,491,733
walk,4869,492,724
walk,4873,493,717
walk,4876,494,710
walk,4879,495,703
walk,4882,497,697
walk,4885,498,690
walk,4888,499,685
walk,4891,500,678
walk,4895,501,672
walk,4898,503,667
walk,4901,504,661
walk,4904,505,657
walk,4907,506,652
walk,4910,507,647
walk,4913,509,643
walk,4917,510,640
walk,4920,511,638
walk,4923,512,636
walk,4926,513,635
walk,4929,514,632
walk,4932,516,630
walk,4935,517,628
walk,4939,518,626
walk,4941,519,624
walk,4944,520,622
walk,4948,522,619
walk,4951,523,617
walk,4954,524,614
walk,4957,525,612
walk,4960,526,609
walk,4964,528,606
walk,4967,529,603
walk,4970,530,601
walk,4973,531,598
walk,4976,532,596
walk,4980,534,595
walk,4982,536,593
walk,4985,538,591
walk,4988,539,590
walk,4991,541,588
walk,4994,543,586
walk,4997,545,584
walk,4999,547,582
walk,5002,549,581
walk,5005,551,579
walk,5007,553,578
walk,5010,555,578
walk,5013,557,577
walk,5015,559,577
walk,5018,562,577
walk,5020,565,576
walk,5022,567,575
walk,5024,570,574
walk,5026,572,574
walk,5028,576,573
walk,5030,578,572
walk,5032,581,571
walk,5034,583,571
walk,5036,586,572
walk,5038,588,573
walk,5040,591,574
walk,5042,594,574
walk,5044,597,575
walk,5046,600,576
walk,5048,602,578
walk,5050,605,583
walk,5052,607,590
walk,5054,610,598
walk,5056,613,610
walk,5058,616,622
walk,5060,618,636
walk,5061,620,649
walk,5063,623,660
walk,5064,624,665
walk,5066,627,677
walk,5066,627,681
walk,5068,630,691
walk,5069,631,695
walk,5071,633,704
walk,5071,634,707
walk,5073,636,716
walk,5075,639,725
walk,5077,642,732
walk,5079,644,739
walk,5081,647,745
walk,5083,650,751
walk,5085,653,756
walk,5087,656,760
walk,5089,658,766
walk,5091,661,770
walk,5093,664,774
walk,5095,666,775
walk,5097,669,778
walk,5099,672,779
walk,5101,675,778
walk,5103,678,775
walk,5105,680,767
walk,5107,683,760
walk,5109,685,757
walk,5111,688,755
walk,5113,691,753
walk,5115,694,752
walk,5117,696,751
walk,5119,699,750
walk,5121,702,750
walk,5123,704,751
walk,5125,707,752
walk,5127,710,755
walk,5129,713,756
walk,5131,716,759
walk,5133,718,763
walk,5135,721,765
walk,5137,724,769
walk,5139,727,772
walk,5141,729,775
walk,5143,732,778
walk,5145,735,780
walk,5147,737,782
walk,5149,740,784
walk,5151,743,785
walk,5152,746,782
walk,5154,748,779
walk,5155,751,775
walk,5157,754,770
walk,5158,757,766
walk,5160,760,761
walk,5162,763,755
walk,5163,766,751
walk,5165,769,747
walk,5166,772,742
walk,5168,776,737
walk,5169,779,731
walk,5171,782,727
walk,5172,785,721
walk,5174,788,717
walk,5176,791,712
walk,5177,794,708
walk,5179,797,703
walk,5180,800,700
walk,5182,803,698
walk,5183,805,695
walk,5185,809,692
walk,5186,811,690
walk,5188,814,689
walk,5189,817,689
walk,5190,820,689
walk,5192,823,691
walk,5194,826,693
walk,5195,830,696
walk,5197,833,699
walk,5199,836,701
walk,5200,839,702
walk,5202,842,702
walk,5203,845,702
walk,5205,848,702
walk,5206,851,703
walk,5208,853,704
walk,5210,856,705
walk,5212,858,706
walk,5215,861,708
walk,5217,863,708
walk,5220,865,708
walk,5222,868,707
walk,5225,870,707
walk,5227,872,707
walk,5230,875,707
walk,5232,877,707
walk,5235,879,708
walk,5237,881,708
walk,5240,884,708
walk,5243,886,708
walk,5245,888,708
walk,5248,891,708
walk,5251,893,708
walk,5253,895,708
walk,5256,898,707
walk,5258,900,704
walk,5261,902,701
walk,5264,904,697
walk,5266,907,693
walk,5269,909,689
walk,5271,911,687
walk,5274,914,687
walk,5276,916,687
walk,5279,918,688
walk,5282,920,689
walk,5285,922,690
walk,5288,924,691
walk,5291,925,692
walk,5293,927,692
walk,5296,928,692
walk,5299,930,692
walk,5302,931,691
walk,5305,933,690
walk,5308,934,688
walk,5311,936,687
walk,5314,937,685
walk,5317,939,682
walk,5320,940,680
walk,5323,942,678
walk,5327,943,676
walk,5330,945,675
walk,5333,947,675
walk,5336,948,675
walk,5339,950,677
walk,5342,952,680
walk,5344,953,684
walk,5348,955,685
walk,5351,957,681
walk,5354,958,675
walk,5357,960,668
walk,5360,961,663
walk,5363,963,659
walk,5366,964,658
walk,5369,966,657
walk,5372,968,657
walk,5375,969,656
walk,5377,971,657
walk,5381,972,658
walk,5383,974,661
walk,5386,975,663
walk,5389,976,666
walk,5392,978,670
walk,5394,979,673
walk,5397,981,678
walk,5400,982,682
walk,5403,984,684
walk,5406,986,689
walk,5409,987,691
walk,5413,988,694
walk,5415,989,694
walk,5419,989,693
walk,5422,989,692
walk,5426,989,691
walk,5429,989,689
walk,5432,989,688
walk,5436,989,688
walk,5440,988,688
walk,5443,988,687
walk,5446,988,687
walk,5449,988,686
walk,5453,988,685
walk,5456,987,685
walk,5459,987,683
walk,5463,987,683
walk,5466,987,683
walk,5469,988,682
walk,5473,989,682
walk,5476,990,683
walk,5479,991,684
walk,5482,993,686
walk,5485,994,686
walk,5488,995,686
walk,5491,997,686
walk,5494,998,686
walk,5497,1000,685
walk,5500,1001,685
walk,5503,1002,685
walk,5506,1004,685
walk,5509,1005,685
walk,5512,1007,687
walk,5515,1008,690
walk,5518,1010,695
walk,5521,1011,694
walk,5524,1013,693
walk,5527,1014,690
walk,5530,1016,687
walk,5533,1017,683
walk,5536,1018,680
walk,5539,1020,671
walk,5542,1021,666
walk,5545,1023,660
walk,5548,1024,655
walk,5550,1025,650
walk,5554,1027,645
walk,5557,1028,642
walk,5560,1030,640
walk,5563,1031,638
walk,5566,1033,638
walk,5569,1034,638
walk,5572,1036,633
walk,5575,1037,631
walk,5578,1039,626
walk,5581,1040,618
walk,5584,1042,613
walk,5588,1043,603
walk,5591,1043,594
walk,5594,1044,589
walk,5597,1044,583
walk,5601,1045,579
walk,5605,1045,572
walk,5608,1045,562
walk,5611,1045,554
walk,5615,1045,547
walk,5618,1046,540
walk,5621,1046,535
walk,5624,1046,531
walk,5628,1046,530
walk,5631,1046,526
walk,5635,1047,521
walk,5636,1047,518
walk,5639,1047,510
walk,5640,1047,505
walk,5644,1047,496
walk,5647,1047,485
walk,5650,1047,475
walk,5654,1047,467
walk,5657,1048,460
walk,5661,1048,455
walk,5664,1048,448
walk,5667,1048,439
walk,5671,1048,432
walk,5674,1049,422
walk,5675,1049,418
walk,5678,1049,409
walk,5682,1049,397
walk,5685,1049,387
walk,5689,1049,380
walk,5692,1049,373
walk,5695,1050,368
walk,5698,1050,360
walk,5702,1050,356
walk,5705,1050,350
walk,5709,1050,351
walk,5712,1050,345
walk,5715,1051,340
walk,5719,1051,332
walk,5722,1051,326
walk,5726,1051,319
walk,5729,1051,313
walk,5732,1051,306
walk,5736,1052,298
walk,5739,1052,295
walk,5742,1052,292
walk,5746,1052,288
walk,5749,1052,286
walk,5753,1053,280
walk,5756,1053,275
walk,5759,1053,269
walk,5763,1053,260
walk,5766,1053,255
walk,5769,1053,248
walk,5773,1054,241
walk,5776,1054,234
walk,5779,1054,227
walk,5783,1054,221
walk,5786,1055,217
walk,5789,1055,213
walk,5792,1056,208
walk,5795,1057,202
walk,5799,1057,197
walk,5802,1058,191
walk,5805,1059,186
walk,5808,1060,182
walk,5812,1060,177
walk,5815,1061,172
walk,5818,1062,168
walk,5821,1063,165
walk,5825,1063,161
walk,5828,1064,158
walk,5831,1065,154
walk,5835,1066,149
walk,5838,1067,143
walk,5841,1067,138
walk,5845,1068,132
walk,5848,1069,127
walk,5851,1070,121
walk,5854,1070,116
walk,5857,1071,112
walk,5861,1071,108
walk,5864,1071,103
walk,5867,1071,98
walk,5871,1071,93
walk,5874,1070,87
walk,5877,1070,83
walk,5881,1070,81
walk,5884,1069,79
walk,5888,1069,78
walk,5891,1068,81
walk,5894,1068,86
walk,5898,1067,93
walk,5901,1067,100
walk,5904,1067,105
walk,5908,1066,107
walk,5911,1066,107
walk,5914,1065,106
walk,5918,1065,102
walk,5921,1064,94
walk,5924,1064,88
walk,5927,1064,83
walk,5931,1063,77
walk,5934,1063,77
walk,5938,1063,78
walk,5941,1064,79
walk,5944,1065,80
walk,5947,1066,80
walk,5950,1067,80
walk,5954,1068,81
walk,5957,1070,81
walk,5960,1071,83
walk,5963,1072,84
walk,5967,1074,84
walk,5970,1075,84
walk,5973,1076,84
walk,5976,1078,85
walk,5979,1079,86
walk,5983,1080,86
walk,5986,1082,85
walk,5989,1083,83
walk,5992,1084,80
walk,5995,1086,75
walk,5998,1087,72
walk,6001,1088,71
walk,6004,1089,71
walk,6007,1090,70
walk,6010,1092,68
walk,6014,1093,64
walk,6017,1094,60
walk,6020,1096,57
walk,6023,1097,54
walk,6026,1098,51
walk,6029,1099,48
walk,6032,1101,48
walk,6035,1102,47
walk,6038,1104,45
walk,6041,1106,44
walk,6044,1108,44
walk,6047,1109,44
walk,6049,1111,44
walk,6052,1113,43
walk,6055,1115,40
walk,6058,1116,36
walk,6061,1118,32
walk,6064,1120,27
walk,6067,1122,20
walk,6069,1124,13
walk,6072,1125,9
walk,6075,1127,9
walk,6078,1129,10
walk,6081,1131,11
walk,6084,1132,13
walk,6087,1134,12
walk,6090,1135,10
walk,6094,1136,7
walk,6096,1137,2
walk,6100,1138,-1
walk,6103,1139,-5
walk,6106,1140,-7
walk,6110,1141,-7
walk,6113,1142,-6
walk,6116,1143,-6
walk,6120,1144,-6
walk,6123,1145,-6
walk,6126,1145,-5
walk,6130,1146,-5
walk,6133,1147,-5
walk,6136,1148,-4
walk,6139,1149,-3
walk,6143,1150,-2
walk,6146,1150,0
walk,6149,1150,0
walk,6153,1150,2
walk,6156,1150,2
walk,6160,1150,3
walk,6163,1150,2
walk,6167,1149,1
walk,6170,1149,0
walk,6174,1149,0
walk,6177,1149,0
walk,6180,1149,0
walk,6183,1149,0
walk,6187,1148,0
walk,6190,1148,-1
walk,6194,1148,-2
walk,6197,1148,-3
walk,6201,1148,-4
walk,6204,1148,-4
walk,6207,1147,-5
walk,6211,1147,-5
walk,6214,1147,-6
walk,6218,1147,-6
walk,6222,1147,-6
walk,6226,1147,-6
walk,6229,1146,-6
walk,6233,1146,-6
walk,6236,1146,-6
walk,6240,1146,-6
walk,6245,1146,-6
walk,6249,1145,-6
walk,6252,1145,-6
walk,6255,1145,-6
walk,6259,1145,-6
walk,6262,1145,-6
walk,6266,1145,-6
walk,6269,1144,-6
walk,6272,1144,-6
walk,6276,1144,-6
walk,6279,1144,-6
walk,6283,1144,-6
walk,6286,1144,-6
walk,6289,1143,-6
walk,6293,1143,-6
walk,6296,1143,-6
walk,6300,1143,-6
walk,6303,1143,-6
walk,6307,1142,-6
walk,6310,1142,-6
walk,6313,1142,-6
walk,6317,1142,-6
walk,6320,1142,-6
walk,6323,1142,-6
walk,6327,1141,-6
walk,6330,1141,-6
walk,6333,1141,-6
walk,6336,1140,-6
walk,6339,1140,-6
walk,6343,1139,-6
walk,6346,1138,-6
walk,6350,1137,-6
walk,6353,1136,-6
walk,6356,1136,-6
walk,6360,1136,-6
walk,6363,1135,-6
walk,6367,1135,-6
walk,6370,1135,-6
walk,6374,1135,-6
walk,6377,1134,-6
walk,6380,1134,-6
walk,6384,1134,-6
walk,6387,1134,-6
walk,6391,1134,-6
walk,6394,1134,-6
walk,6398,1133,-6
walk,6401,1133,-6
walk,6405,1133,-6
walk,6408,1133,-6
walk,6412,1133,-5
walk,6415,1133,-5
walk,6418,1132,-5
walk,6421,1132,-5
walk,6425,1132,-4
walk,6428,1132,-4
walk,6432,1132,-4
walk,6436,1132,-4
walk,6439,1131,-3
walk,6442,1131,-5
walk,6446,1131,-5
walk,6449,1131,-5
walk,6453,1131,-4
walk,6456,1131,-4
walk,6459,1130,-3
walk,6462,1130,-3
walk,6466,1130,-3
walk,6470,1130,-3
walk,6473,1130,-3
walk,6477,1130,-2
walk,6480,1129,-1
walk,6483,1128,-1
walk,6485,1126,0
walk,6486,1122,0
walk,6486,1119,0
walk,6487,1115,0
walk,6487,1112,0
walk,6487,1109,0
walk,6487,1105,0
walk,6487,1102,0
walk,6487,1098,0
walk,6487,1095,0
walk,6487,1091,0
walk,6486,1088,0
walk,6486,1085,0
walk,6486,1082,0
walk,6486,1078,0
walk,6486,1075,0
walk,6486,1071,0
walk,6486,1068,0
walk,6486,1064,0
walk,6486,1061,0
walk,6486,1057,0
walk,6486,1054,0
walk,6486,1051,0
walk,6486,1048,0
walk,6486,1044,0
walk,6486,1041,0
walk,6486,1038,0
walk,6486,1034,0
walk,6486,1031,0
walk,6486,1028,0
walk,6486,1024,0
walk,6486,1021,0
walk,6486,1017,0
walk,6488,1014,0
walk,6490,1012,0
walk,6492,1009,0
walk,6495,1007,0
walk,6497,1005,0
oldtrade,sell
terminate,transport
use,returnscroll
