walk,20766,4395,-779
walk,20779,4376,-782
walk,20789,4369,-782
walk,20799,4362,-782
walk,20808,4348,-811
walk,20833,4313,-842
walk,20846,4288,-842
walk,20834,4274,-842
walk,20804,4247,-842
walk,20802,4237,-852
walk,20802,4202,-891
walk,20802,4165,-860
walk,20807,4148,-846
walk,20810,4131,-846
walk,20804,4106,-842
AttackArea
walk,20819,4111,-842
walk,20832,4129,-842
walk,20845,4146,-844
walk,20876,4162,-846
walk,20893,4173,-846
AttackArea
walk,20926,4170,-842
AttackArea
walk,20919,4153,-846
walk,20897,4137,-846
walk,20868,4120,-846
walk,20841,4103,-846
walk,20806,4079,-846
AttackArea
walk,20813,4068,-846
walk,20818,4050,-858
walk,20811,4022,-898
walk,20799,3971,-934
walk,20788,3931,-948
walk,20778,3896,-945
walk,20773,3876,-912
walk,20740,3862,-910
walk,20732,3850,-906
walk,20732,3842,-906
AttackArea
walk,20745,3806,-906
AttackArea
walk,20755,3793,-905
walk,20765,3777,-907
walk,20771,3759,-907
walk,20774,3744,-907
walk,20775,3728,-906
AttackArea
walk,20748,3741,-910
walk,20720,3729,-910
walk,20704,3735,-939
walk,20669,3750,-943
walk,20644,3761,-908
walk,20617,3769,-885
walk,20587,3758,-887
walk,20559,3758,-885
walk,20532,3743,-887
walk,20500,3729,-876
AttackArea
walk,20470,3720,-887
AttackArea
walk,20452,3738,-887
walk,20417,3765,-886
walk,20396,3784,-887
walk,20380,3797,-887
walk,20360,3814,-887
walk,20329,3840,-887
AttackArea
walk,20353,3872,-887
AttackArea
walk,20384,3850,-884
walk,20396,3839,-887
AttackArea
walk,20421,3821,-884
walk,20460,3787,-887
AttackArea
walk,20454,3819,-887
AttackArea
walk,20485,3799,-887
walk,20501,3784,-887
AttackArea
walk,20479,3753,-879
walk,20464,3748,-876
AttackArea
walk,20457,3773,-881
AttackArea
walk,20487,3771,-885
AttackArea
walk,20525,3761,-887
walk,20535,3759,-887
AttackArea
walk,20554,3756,-884
walk,20580,3755,-887
walk,20597,3758,-887
walk,20618,3767,-885
walk,20632,3764,-890
walk,20660,3750,-933
walk,20696,3736,-948
walk,20712,3729,-918
walk,20727,3728,-910
walk,20742,3728,-910
walk,20754,3722,-909
walk,20773,3716,-906
walk,20795,3719,-910
walk,20826,3723,-910
walk,20831,3722,-912
walk,20862,3706,-935
walk,20888,3693,-937
walk,20894,3674,-937
walk,20897,3642,-965
walk,20900,3606,-986
walk,20902,3570,-997
walk,20903,3546,-1003
walk,20906,3508,-1000
walk,20907,3483,-991
walk,20906,3466,-989
walk,20915,3453,-989
walk,20935,3443,-987
walk,20964,3438,-989
walk,20976,3434,-989
AttackArea
walk,20998,3428,-988
walk,21010,3413,-985
AttackArea
walk,20992,3408,-989
walk,20969,3410,-989
walk,20938,3413,-989
walk,20908,3417,-989
walk,20890,3419,-989
walk,20865,3432,-984
walk,20865,3437,-985
AttackArea
walk,20878,3439,-985
AttackArea
walk,20877,3430,-984
walk,20870,3421,-989
walk,20864,3413,-989
walk,20857,3397,-989
walk,20849,3373,-989
walk,20843,3355,-985
walk,20833,3328,-971
walk,20825,3301,-948
walk,20816,3276,-928
walk,20810,3258,-910
walk,20805,3243,-890
walk,20802,3233,-871
walk,20799,3224,-847
walk,20804,3213,-846
walk,20807,3206,-846
walk,20815,3191,-846
walk,20822,3179,-842
walk,20822,3175,-842
AttackArea
walk,20809,3172,-842
walk,20792,3168,-846
walk,20773,3161,-843
walk,20750,3147,-846
walk,20731,3130,-843
AttackArea
walk,20706,3114,-841
walk,20705,3109,-842
AttackArea
walk,20724,3107,-846
walk,20749,3115,-846
walk,20777,3126,-846
walk,20797,3130,-846
walk,20814,3114,-846
walk,20826,3104,-864
walk,20854,3077,-892
walk,20882,3052,-904
walk,20907,3029,-906
walk,20932,3006,-907
walk,20952,2988,-904
walk,20971,2970,-898
walk,20988,2954,-892
walk,21004,2938,-885
walk,21017,2912,-884
walk,21038,2874,-887
walk,21046,2855,-887
AttackArea
walk,21036,2832,-876
walk,21032,2813,-887
AttackArea
walk,21072,2815,-887
walk,21106,2821,-887
walk,21149,2830,-887
walk,21187,2837,-887
walk,21212,2842,-887
walk,21223,2843,-887
AttackArea
walk,21222,2860,-876
walk,21218,2876,-884
walk,21206,2889,-885
AttackArea
walk,21193,2886,-884
walk,21177,2869,-884
walk,21157,2869,-887
AttackArea
walk,21142,2864,-884
AttackArea
walk,21138,2841,-876
AttackArea
walk,21123,2838,-876
walk,21094,2842,-876
walk,21085,2843,-876
AttackArea
walk,21077,2881,-887
AttackArea
walk,21089,2895,-887
walk,21102,2899,-887
walk,21118,2903,-887
AttackArea
walk,21148,2913,-884
walk,21166,2916,-885
AttackArea
walk,21191,2925,-885
walk,21228,2943,-887
walk,21235,2951,-887
walk,21240,2978,-885
walk,21250,2992,-894
walk,21284,3029,-904
walk,21314,3062,-906
walk,21342,3093,-904
walk,21371,3125,-902
walk,21399,3156,-899
walk,21431,3188,-875
walk,21444,3204,-849
walk,21462,3244,-845
AttackArea
walk,21478,3233,-846
walk,21493,3223,-846
walk,21505,3213,-846
walk,21519,3205,-846
walk,21536,3197,-846
walk,21550,3193,-844
walk,21569,3184,-846
walk,21575,3182,-846
AttackArea
walk,21588,3194,-842
walk,21594,3198,-842
walk,21592,3206,-846
walk,21578,3216,-846
walk,21571,3222,-846
walk,21562,3226,-846
AttackArea,35,5
walk,21546,3234,-846
walk,21533,3239,-844
walk,21511,3249,-846
walk,21504,3254,-846
AttackArea
walk,21518,3268,-846
walk,21524,3280,-847
walk,21516,3296,-854
walk,21496,3340,-893
walk,21480,3374,-917
walk,21465,3405,-934
walk,21450,3437,-951
walk,21431,3477,-958
walk,21414,3514,-945
walk,21399,3533,-944
walk,21403,3541,-944
walk,21410,3554,-944
walk,21413,3558,-944
AttackArea
walk,21408,3563,-944
walk,21391,3551,-944
walk,21372,3535,-939
walk,21350,3517,-944
walk,21327,3498,-944
AttackArea
walk,21313,3485,-943
walk,21302,3478,-944
walk,21289,3485,-940
AttackArea
walk,21296,3501,-944
walk,21319,3527,-944
walk,21342,3548,-944
walk,21361,3564,-944
walk,21384,3582,-943
walk,21397,3588,-944
AttackArea
walk,21392,3604,-944
walk,21374,3632,-936
walk,21360,3658,-903
walk,21356,3671,-901
walk,21352,3700,-901
walk,21368,3721,-905
walk,21385,3742,-903
walk,21402,3766,-893
walk,21417,3788,-866
walk,21429,3802,-846
walk,21457,3805,-846
walk,21475,3808,-842
walk,21475,3823,-842
AttackArea
walk,21472,3851,-842
walk,21471,3860,-842
AttackArea
walk,21477,3881,-846
walk,21483,3893,-846
walk,21482,3912,-844
walk,21478,3933,-846
AttackArea
walk,21474,3948,-846
walk,21453,3962,-842
AttackArea
walk,21434,3961,-846
walk,21411,3958,-846
walk,21405,3960,-847
walk,21372,3974,-903
walk,21331,3991,-951
walk,21315,4001,-951
walk,21308,4009,-951
walk,21302,4021,-961
walk,21286,4052,-989
walk,21272,4078,-1002
walk,21266,4091,-998
walk,21263,4099,-995
walk,21268,4109,-994
walk,21272,4118,-994
walk,21274,4129,-994
walk,21279,4141,-992
walk,21280,4150,-991
AttackArea
walk,21267,4161,-991
walk,21247,4171,-991
walk,21242,4174,-991
AttackArea,20,5
walk,21222,4180,-992
walk,21200,4187,-991
walk,21181,4199,-994
walk,21168,4207,-993
walk,21161,4223,-992
AttackArea
walk,21176,4234,-994
AttackArea
walk,21186,4233,-993
walk,21199,4233,-994
walk,21214,4241,-994
walk,21226,4251,-997
walk,21253,4265,-997
walk,21294,4286,-966
walk,21317,4297,-941
walk,21351,4315,-897
walk,21375,4325,-854
walk,21392,4337,-846
walk,21419,4352,-843
walk,21425,4354,-842
walk,21431,4345,-842
AttackArea,40,5
walk,21439,4335,-842
walk,21443,4331,-842
AttackArea,25,5
walk,21461,4320,-840
walk,21482,4303,-846
walk,21493,4288,-844
walk,21480,4285,-842
AttackArea
walk,21483,4270,-842
walk,21493,4256,-842
walk,21504,4241,-842
AttackArea
walk,21495,4224,-846
walk,21488,4217,-846
walk,21473,4200,-847
walk,21473,4187,-851
walk,21474,4146,-887
walk,21476,4127,-887
walk,21482,4121,-887
walk,21502,4111,-896
walk,21536,4097,-923
walk,21569,4083,-938
walk,21602,4070,-952
walk,21635,4057,-954
walk,21659,4047,-939
walk,21695,4037,-934
walk,21737,4027,-934
walk,21779,4017,-934
walk,21782,4014,-934
walk,21787,4005,-969
walk,21800,3992,-969
walk,21817,3973,-992
walk,21824,3956,-992
walk,21825,3936,-990
walk,21828,3911,-992
walk,21843,3895,-990
AttackArea
walk,21859,3877,-981
walk,21865,3854,-989
walk,21861,3843,-992
AttackArea
walk,21847,3823,-990
walk,21831,3801,-992
walk,21817,3781,-992
walk,21802,3759,-990
walk,21786,3738,-992
walk,21778,3727,-989
walk,21764,3707,-992
walk,21747,3703,-981
AttackArea
walk,21757,3720,-981
walk,21767,3738,-981
AttackArea
walk,21774,3754,-981
walk,21782,3768,-981
AttackArea
walk,21759,3777,-990
walk,21752,3783,-992
AttackArea
walk,21763,3795,-989
walk,21777,3806,-990
walk,21784,3809,-989
AttackArea
walk,21798,3826,-991
walk,21811,3845,-992
AttackArea
walk,21832,3836,-981
AttackArea
walk,21835,3844,-981
walk,21812,3869,-992
walk,21802,3874,-992
AttackArea
walk,21791,3857,-992
walk,21784,3844,-992
AttackArea
walk,21784,3833,-992
walk,21774,3827,-992
AttackArea
walk,21762,3816,-992
walk,21753,3810,-992
walk,21746,3803,-992
AttackArea
walk,21731,3794,-989
walk,21719,3788,-990
walk,21699,3776,-992
wait,2000
use,returnscroll
stop