walk,6430,1089,-32
walk,6422,1078,-32
walk,6414,1065,-32
walk,6407,1054,-32
wait,5000
teleport,Global Portal,Baghdad(Dungeon)
wait,5000
walk,-9633,103,-430
AttackArea,17
walk,-9625,101,-430
walk,-9616,97,-421
walk,-9607,93,-407
walk,-9608,84,-405
AttackArea,15
walk,-9601,79,-405
walk,-9593,74,-405
AttackArea,15
walk,-9589,80,-405
walk,-9585,88,-405
AttackArea,15
walk,-9592,93,-405
walk,-9599,97,-405
AttackArea,15
walk,-9597,86,-404
wait,2000
walk,-9601,89,-404
walk,-9609,93,-407
walk,-9618,99,-430
walk,-9630,95,-430
walk,-9643,87,-430
walk,-9652,78,-430
walk,-9661,67,-430
walk,-9664,64,-430
AttackArea,17
walk,-9670,53,-430
walk,-9679,46,-430
walk,-9688,38,-430
AttackArea,17
walk,-9697,31,-430
walk,-9705,23,-430
walk,-9719,14,-430
walk,-9733,11,-433
walk,-9749,9,-433
AttackArea,15
walk,-9761,7,-433
walk,-9773,5,-433
AttackArea,15
walk,-9778,4,-433
walk,-9710,13,-430
walk,-9714,1,-430
walk,-9715,-14,-433
AttackArea,17
walk,-9706,-23,-433
walk,-9696,-33,-433
walk,-9688,-42,-412
walk,-9681,-49,-410
walk,-9685,-60,-408
AttackArea,25
walk,-9677,-69,-408
walk,-9669,-78,-408
AttackArea,15
walk,-9660,-70,-408
walk,-9651,-61,-408
AttackArea,15
walk,-9656,-54,-408
walk,-9667,-43,-408
AttackArea,15
walk,-9668,-51,-406
walk,-9669,-60,-406
wait,2000
walk,-9675,-54,-406
walk,-9683,-46,-410
walk,-9694,-36,-433
walk,-9703,-29,-433
walk,-9712,-40,-433
walk,-9719,-51,-433
walk,-9736,-44,-433
walk,-9756,-39,-433
AttackArea,17
walk,-9764,-35,-433
walk,-9773,-33,-433
AttackArea,17
walk,-9785,-35,-433
walk,-9796,-35,-433
walk,-9807,-37,-433
walk,-9819,-38,-433
walk,-9827,-27,-433
AttackArea,17
walk,-9825,-38,-433
walk,-9824,-50,-432
walk,-9826,-61,-423
walk,-9828,-75,-423
walk,-9835,-85,-432
walk,-9844,-89,-432
AttackArea,17
walk,-9833,-91,-432
walk,-9820,-95,-432
walk,-9814,-98,-432
AttackArea,17
walk,-9809,-107,-432
walk,-9808,-117,-432
walk,-9809,-127,-432
AttackArea,17
walk,-9823,-122,-432
walk,-9834,-118,-432
walk,-9848,-111,-432
walk,-9850,-96,-432
walk,-9854,-82,-432
walk,-9865,-72,-432
walk,-9877,-68,-432
walk,-9881,-75,-413
walk,-9886,-85,-407
walk,-9893,-82,-407
AttackArea,15
walk,-9897,-90,-407
walk,-9901,-98,-407
AttackArea,15
walk,-9895,-101,-407
walk,-9886,-105,-407
AttackArea,15
walk,-9882,-99,-407
walk,-9879,-91,-407
AttackArea,15
walk,-9885,-93,-406
walk,-9889,-94,-406
wait,2000
walk,-9887,-90,-406
walk,-9883,-81,-409
walk,-9879,-71,-432
walk,-9880,-66,-432
walk,-9890,-62,-432
walk,-9900,-57,-432
walk,-9906,-56,-432
AttackArea,17
walk,-9915,-51,-432
walk,-9925,-47,-432
walk,-9936,-41,-432
walk,-9946,-36,-432
walk,-9953,-48,-432
walk,-9958,-57,-432
walk,-9962,-63,-432
AttackArea,17
walk,-9958,-55,-432
walk,-9951,-49,-432
walk,-9945,-39,-432
walk,-9938,-43,-432
walk,-9930,-46,-432
walk,-9926,-39,-429
walk,-9920,-27,-423
walk,-9916,-19,-424
walk,-9910,-10,-432
AttackArea,15
walk,-9905,0,-432
walk,-9896,5,-433
walk,-9890,4,-411
walk,-9883,1,-407
walk,-9886,-6,-407
AttackArea,15
walk,-9880,-9,-407
walk,-9870,-13,-407
AttackArea,15
walk,-9866,-6,-407
walk,-9863,0,-407
AttackArea,15
walk,-9870,4,-407
walk,-9877,7,-407
AttackArea,15
walk,-9874,0,-406
walk,-9874,-1,-406
wait,2000
walk,-9878,0,-406
walk,-9887,3,-409
walk,-9897,7,-433
walk,-9896,14,-433
walk,-9890,22,-433
walk,-9887,28,-433
walk,-9882,31,-433
walk,-9875,28,-433
AttackArea,15
walk,-9882,31,-433
walk,-9888,32,-433
walk,-9893,34,-433
walk,-9896,29,-433
walk,-9901,24,-433
walk,-9911,27,-433
walk,-9921,33,-433
walk,-9926,43,-433
walk,-9931,54,-433
AttackArea,17
walk,-9938,50,-433
walk,-9945,45,-433
walk,-9954,37,-433
walk,-9964,28,-433
walk,-9970,31,-433
walk,-9977,39,-433
AttackArea,15
walk,-9983,46,-433
walk,-9991,54,-433
walk,-9999,63,-432
walk,-10003,66,-432
AttackArea,10
walk,-9998,70,-426
walk,-9994,73,-411
walk,-9989,78,-408
walk,-9983,72,-408
AttackArea,15
walk,-9978,76,-408
walk,-9970,84,-408
AttackArea,15
walk,-9975,91,-408
walk,-9981,97,-408
AttackArea,15
walk,-9987,92,-408
walk,-9993,86,-408
AttackArea,15
walk,-9988,85,-406
walk,-9982,85,-406
wait,2000
walk,-9987,81,-406
walk,-9994,74,-411
walk,-10004,65,-432
walk,-10011,73,-432
AttackArea,15
walk,-10016,79,-432
walk,-10024,90,-432
walk,-10029,99,-432
walk,-10031,113,-432
walk,-10032,117,-432
AttackArea,15
walk,-10032,125,-432
walk,-10033,134,-432
walk,-10032,138,-432
AttackArea,7
walk,-10027,137,-412
walk,-10017,137,-408
walk,-10016,128,-408
AttackArea,15
walk,-10011,128,-408
walk,-10004,128,-408
walk,-9999,128,-408
AttackArea,15
walk,-9998,136,-408
walk,-9999,146,-408
AttackArea,15
walk,-10007,146,-408
walk,-10015,145,-408
AttackArea,15
walk,-10010,141,-407
walk,-10007,138,-407
wait,2000
walk,-10015,138,-408
walk,-10026,137,-412
walk,-10033,138,-432
walk,-10034,150,-432
walk,-10031,163,-432
AttackArea,15
walk,-10034,154,-432
walk,-10034,143,-432
walk,-10035,139,-432
walk,-10035,127,-432
walk,-10035,118,-432
walk,-10047,118,-423
walk,-10058,118,-423
walk,-10072,118,-433
walk,-10085,118,-433
walk,-10073,116,-433
walk,-10070,100,-432
walk,-10062,82,-432
walk,-10056,67,-432
walk,-10043,51,-432
walk,-10030,36,-432
walk,-10016,22,-431
walk,-10003,10,-432
walk,-9989,-3,-430
AttackArea,17
walk,-9996,-17,-432
walk,-10009,-33,-432
walk,-10024,-28,-432
walk,-10036,-11,-432
walk,-10045,3,-432
AttackArea,17
walk,-10062,20,-432
walk,-10079,33,-432
walk,-10087,41,-432
walk,-10069,25,-432
walk,-10054,12,-432
walk,-10044,5,-432
walk,-10022,26,-431
walk,-10047,56,-432
walk,-10061,80,-432
walk,-10071,101,-432
walk,-10080,118,-433
walk,-10091,117,-432
walk,-10098,120,-432
walk,-10111,119,-432
walk,-10115,132,-432
AttackArea,17
walk,-10118,139,-432
walk,-10125,147,-431
AttackArea,17
walk,-10120,157,-431
walk,-10117,163,-431
AttackArea,17
walk,-10113,172,-431
walk,-10109,182,-431
walk,-10108,193,-431
walk,-10109,206,-431
walk,-10117,214,-431
walk,-10123,228,-431
AttackArea,17
walk,-10122,238,-431
walk,-10123,252,-431
walk,-10119,260,-431
AttackArea,17
walk,-10108,266,-431
walk,-10098,274,-431
walk,-10088,282,-431
walk,-10082,289,-432
walk,-10076,297,-432
walk,-10077,303,-432
walk,-10085,308,-432
walk,-10096,315,-432
walk,-10102,321,-432
AttackArea,17
walk,-10106,327,-432
walk,-10111,336,-432
AttackArea,17
walk,-10105,342,-432
walk,-10104,352,-432
walk,-10103,365,-432
walk,-10099,378,-432
AttackArea,15
walk,-10096,386,-432
walk,-10095,398,-432
AttackArea,17
walk,-10086,397,-432
walk,-10075,396,-432
AttackArea,15
walk,-10076,403,-432
walk,-10077,417,-432
walk,-10077,431,-432
AttackArea,15
walk,-10068,423,-432
walk,-10057,413,-432
walk,-10050,411,-432
AttackArea,15
walk,-10041,407,-432
walk,-10030,400,-432
walk,-10027,391,-432
walk,-10021,379,-432
walk,-10014,367,-432
walk,-10004,358,-431
AttackArea,15
walk,-10009,349,-431
walk,-10014,340,-432
walk,-10019,330,-431
AttackArea,15
walk,-10012,324,-432
walk,-10004,317,-432
AttackArea,15
walk,-9996,321,-430
walk,-9985,323,-430
AttackArea,15
walk,-9980,331,-431
walk,-9972,337,-430
AttackArea,15
walk,-9979,343,-433
walk,-9986,348,-433
AttackArea,15
walk,-9995,346,-432
walk,-10004,356,-431
walk,-10012,366,-431
walk,-10016,378,-432
walk,-10011,388,-432
walk,-10002,398,-432
walk,-9994,406,-432
walk,-9988,414,-431
AttackArea,15
walk,-9982,421,-431
walk,-9972,427,-430
walk,-9962,417,-430
walk,-9962,417,-430
walk,-9956,407,-430
walk,-9949,397,-433
walk,-9936,388,-432
walk,-9929,386,-430
AttackArea,17
walk,-9938,389,-432
walk,-9945,397,-432
walk,-9953,407,-430
walk,-9960,420,-430
walk,-9965,436,-430
walk,-9956,443,-430
AttackArea,17
walk,-9970,452,-430
walk,-9981,462,-430
walk,-9986,478,-430
walk,-9993,493,-430
AttackArea,15
walk,-10007,490,-430
AttackArea,15
walk,-10015,485,-430
walk,-10021,476,-430
AttackArea,15
walk,-10014,470,-430
walk,-10001,465,-430
walk,-9982,460,-430
walk,-9966,456,-430
walk,-9951,452,-430
AttackArea,17
walk,-9951,452,-430
walk,-9942,452,-430
walk,-9932,453,-430
walk,-9920,453,-430
walk,-9905,456,-430
walk,-9898,463,-430
walk,-9897,473,-424
walk,-9898,485,-410
walk,-9899,495,-407
walk,-9885,500,-407
AttackArea,17
walk,-9885,508,-407
walk,-9885,521,-407
walk,-9885,535,-407
AttackArea,17
walk,-9900,535,-407
walk,-9918,532,-407
AttackArea,17
walk,-9918,520,-407
walk,-9918,501,-407
AttackArea,17
walk,-9910,507,-404
walk,-9902,515,-404
AttackArea,17
walk,-9903,523,-404
walk,-9902,507,-404
wait,2000
walk,-9901,497,-407
walk,-9899,484,-410
walk,-9897,467,-430
walk,-9892,458,-430
walk,-9881,456,-430
walk,-9870,456,-430
walk,-9857,457,-430
walk,-9846,463,-430
walk,-9837,472,-430
AttackArea,17
walk,-9832,478,-430
walk,-9834,487,-430
AttackArea,17
walk,-9824,492,-430
walk,-9818,497,-430
AttackArea,17
walk,-9813,488,-431
walk,-9809,476,-431
walk,-9809,476,-431
walk,-9804,466,-430
walk,-9794,462,-430
walk,-9784,458,-430
walk,-9775,455,-430
walk,-9772,466,-430
walk,-9768,476,-409
walk,-9767,481,-406
walk,-9760,477,-408
AttackArea,15
walk,-9757,484,-408
walk,-9754,492,-408
AttackArea,15
walk,-9760,495,-408
walk,-9768,498,-408
AttackArea,15
walk,-9772,491,-408
walk,-9775,484,-408
AttackArea,15
walk,-9770,486,-406
walk,-9765,488,-406
wait,2000
walk,-9767,483,-406
walk,-9770,473,-411
walk,-9773,461,-430
walk,-9775,455,-430
walk,-9769,450,-430
walk,-9768,439,-430
walk,-9772,426,-430
walk,-9778,413,-430
walk,-9791,412,-430
AttackArea,17
walk,-9784,414,-430
walk,-9777,419,-430
walk,-9769,430,-430
walk,-9762,441,-430
walk,-9757,450,-430
walk,-9743,446,-430
walk,-9730,440,-430
walk,-9728,434,-430
walk,-9731,428,-410
walk,-9735,418,-406
walk,-9745,422,-406
AttackArea,15
walk,-9748,413,-406
walk,-9753,402,-406
AttackArea,15
walk,-9745,397,-404
walk,-9735,392,-406
AttackArea,15
walk,-9730,401,-406
walk,-9726,411,-406
AttackArea,15
walk,-9733,408,-404
walk,-9739,405,-404
wait,2000
walk,-9737,412,-404
walk,-9733,422,-408
walk,-9730,430,-410
walk,-9725,439,-430
walk,-9716,437,-430
walk,-9706,433,-430
walk,-9694,428,-430
walk,-9681,423,-430
walk,-9672,413,-430
walk,-9664,401,-430
walk,-9659,391,-430
walk,-9665,384,-413
walk,-9671,375,-405
walk,-9678,380,-405
AttackArea,15
walk,-9682,374,-405
walk,-9688,367,-405
AttackArea,15
walk,-9683,362,-405
walk,-9676,357,-405
AttackArea,15
walk,-9671,362,-405
walk,-9667,367,-405
AttackArea,15
walk,-9672,367,-404
walk,-9677,367,-404
wait,2000
walk,-9673,372,-404
walk,-9668,378,-407
walk,-9660,386,-430
walk,-9653,387,-430
walk,-9644,388,-430
walk,-9644,388,-430
walk,-9635,389,-430
walk,-9623,392,-427
walk,-9612,396,-422
walk,-9603,400,-422
walk,-9593,403,-422
walk,-9582,406,-426
walk,-9571,410,-432
walk,-9559,414,-432
walk,-9546,392,-432
walk,-9537,373,-432
walk,-9527,357,-432
walk,-9519,345,-432
AttackArea,15
walk,-9529,358,-432
walk,-9536,372,-432
walk,-9543,386,-432
walk,-9550,400,-432
walk,-9555,410,-432
walk,-9543,418,-432
walk,-9547,419,-432
walk,-9534,423,-432
walk,-9525,426,-432
walk,-9514,428,-432
walk,-9506,419,-432
walk,-9500,409,-432
walk,-9491,412,-422
walk,-9482,417,-408
walk,-9473,421,-408
walk,-9464,408,-405
AttackArea,17
walk,-9452,412,-405
walk,-9441,417,-405
walk,-9431,422,-405
AttackArea,17
walk,-9435,434,-405
walk,-9442,446,-405
walk,-9445,451,-405
AttackArea,17
walk,-9454,447,-405
walk,-9465,442,-405
walk,-9473,439,-405
AttackArea,17
walk,-9467,437,-405
walk,-9461,435,-403
walk,-9456,432,-403
walk,-9454,431,-403
AttackArea,17
walk,-9447,434,-403
walk,-9459,428,-403
wait,2000
walk,-9467,425,-405
walk,-9479,419,-408
walk,-9490,413,-410
walk,-9498,407,-432
walk,-9502,415,-432
walk,-9496,403,-432
walk,-9492,393,-432
walk,-9487,382,-432
walk,-9480,370,-432
walk,-9472,358,-432
walk,-9463,345,-432
walk,-9455,339,-432
walk,-9445,332,-432
walk,-9434,327,-433
walk,-9427,321,-432
AttackArea,17
walk,-9417,319,-432
walk,-9407,315,-432
walk,-9399,309,-432
walk,-9391,339,-432
walk,-9379,354,-432
walk,-9367,366,-432
walk,-9359,375,-432
AttackArea,25
walk,-9362,397,-432
AttackArea,17
walk,-9382,393,-432
AttackArea,17
walk,-9377,374,-432
walk,-9381,359,-432
walk,-9389,340,-432
walk,-9382,324,-432
walk,-9375,306,-432
walk,-9369,292,-432
walk,-9356,289,-432
walk,-9337,287,-432
walk,-9324,288,-432
AttackArea,17
walk,-9338,289,-432
walk,-9354,288,-432
walk,-9373,288,-432
walk,-9394,276,-453
walk,-9386,299,-432
AttackArea,17
walk,-9388,285,-429
walk,-9396,273,-435
walk,-9406,269,-434
AttackArea,17
walk,-9405,262,-432
walk,-9405,247,-434
walk,-9408,237,-434
AttackArea,20
wait,15000
walk,-9399,236,-434
walk,-9418,237,-434
AttackArea,15
walk,-9414,230,-434
walk,-9412,217,-432
AttackArea,17
walk,-9414,207,-432
walk,-9404,198,-432
walk,-9393,190,-432
walk,-9382,181,-432
walk,-9372,173,-432
walk,-9363,168,-432
walk,-9362,153,-432
walk,-9357,146,-432
AttackArea,17
walk,-9348,149,-432
walk,-9337,153,-432
AttackArea,17
walk,-9337,161,-432
walk,-9339,173,-432
AttackArea,17
walk,-9350,171,-432
walk,-9364,175,-432
walk,-9377,180,-432
walk,-9389,185,-432
walk,-9399,190,-432
walk,-9411,188,-432
walk,-9417,177,-432
walk,-9427,165,-432
walk,-9437,157,-432
walk,-9446,150,-432
walk,-9461,141,-432
AttackArea,17
walk,-9474,140,-432
walk,-9488,136,-432
AttackArea,17
walk,-9482,128,-432
walk,-9469,124,-432
walk,-9461,114,-432
walk,-9455,102,-432
walk,-9452,90,-432
walk,-9449,77,-432
walk,-9451,65,-432
AttackArea,17
walk,-9461,66,-432
walk,-9469,75,-432
walk,-9465,89,-432
walk,-9464,104,-432
walk,-9465,118,-432
walk,-9467,131,-432
walk,-9480,133,-432
walk,-9498,133,-432
walk,-9514,133,-422
walk,-9533,133,-422
walk,-9553,133,-430
walk,-9568,133,-430
walk,-9582,134,-430
walk,-9594,138,-430
walk,-9592,153,-430
walk,-9592,166,-430
walk,-9593,182,-430
walk,-9594,195,-430
walk,-9596,208,-430
walk,-9596,225,-430
walk,-9590,238,-430
AttackArea,17
walk,-9597,244,-430
walk,-9606,249,-430
walk,-9613,241,-430
walk,-9622,236,-430
walk,-9637,236,-421
walk,-9645,236,-347
walk,-9654,238,-320
walk,-9656,247,-320
walk,-9664,248,-320
walk,-9673,248,-300
walk,-9681,248,-296
walk,-9682,256,-296
AttackArea,15
walk,-9690,256,-296
walk,-9698,257,-296
AttackArea,15
walk,-9698,248,-296
walk,-9699,241,-296
AttackArea,15
walk,-9693,241,-296
walk,-9684,240,-296
AttackArea,15
walk,-9687,244,-295
walk,-9690,248,-295
wait,2000
walk,-9685,248,-295
walk,-9675,248,-300
walk,-9665,248,-320
walk,-9664,237,-320
walk,-9665,226,-320
walk,-9664,214,-319
walk,-9662,203,-319
walk,-9666,192,-319
walk,-9672,181,-319
walk,-9677,171,-319
walk,-9685,160,-319
walk,-9696,150,-319
walk,-9706,140,-319
AttackArea,17
walk,-9712,133,-319
walk,-9721,127,-319
walk,-9727,123,-319
AttackArea,15
walk,-9725,122,-319
walk,-9735,123,-319
walk,-9747,124,-319
walk,-9760,125,-319
walk,-9774,125,-319
walk,-9786,125,-319
walk,-9801,125,-319
walk,-9816,121,-319
walk,-9823,119,-319
AttackArea,17
walk,-9840,127,-319
walk,-9853,136,-320
walk,-9868,146,-320
walk,-9879,153,-320
walk,-9889,142,-298
walk,-9896,132,-298
walk,-9911,140,-295
AttackArea,17
walk,-9919,131,-295
walk,-9926,121,-295
walk,-9935,111,-295
AttackArea,17
walk,-9922,101,-295
walk,-9906,90,-295
AttackArea,17
walk,-9899,99,-295
walk,-9886,116,-295
AttackArea,17
walk,-9899,115,-292
walk,-9909,114,-292
AttackArea,17
walk,-9914,107,-292
walk,-9904,120,-292
wait,2000
walk,-9898,128,-295
walk,-9890,139,-298
walk,-9883,150,-320
walk,-9884,155,-320
walk,-9895,164,-320
walk,-9906,171,-320
walk,-9919,178,-320
walk,-9931,186,-320
walk,-9938,196,-320
walk,-9935,213,-320
walk,-9921,212,-318
walk,-9912,211,-267
walk,-9901,210,-236
walk,-9879,210,-236
walk,-9865,208,-236
walk,-9855,207,-236
AttackArea,30
walk,-9856,216,-236
walk,-9847,208,-236
wait,25000
walk,-9847,199,-236
walk,-9853,192,-236
use,returnscroll
